PaymentID, BillID, PaymentAmount
1,1,104.5
2,2,107.688
3,3,25.7787
4,4,5.10106
5,5,122.17
6,6,56.499
7,7,25.3749
8,8,5.04866
9,9,91.75
10,10,80.229
11,11,25.7787
12,12,25.7787
13,13,91.9405
14,14,102.264
15,15,25.3749
16,16,5.04866
17,17,111.01
18,18,76.5
19,19,25.6922
20,20,5.08983
21,21,39.5563
22,22,121.587
23,23,121.587
24,24,5.1048
25,25,108.212
26,26,91.077
27,27,25.3461
28,28,5.04491
29,29,83.2008
30,30,69.833
31,31,15.444
32,32,5.07112
33,33,123.52
34,34,97.97
35,35,25.3461
36,36,5.04491
37,37,83.62
38,38,90.738
39,39,25.5768
40,40,2.6769
41,41,88.33
42,42,131.418
43,43,25.4903
44,44,5.06363
45,45,5.06363
46,46,87.009
47,47,25.2884
48,48,5.03743
49,49,109.3
50,50,57.855
51,51,25.4038
52,52,5.0524
53,53,14.3608
54,54,123.169
55,55,25.7787
56,56,5.10106
57,57,98.08
58,58,117.971
59,59,25.2884
60,60,5.03743
61,61,73.085
62,62,94.015
63,63,25.8364
64,64,5.10854
65,65,80.86
66,66,96.727
67,67,96.727
68,68,5.05614
69,69,98.65
70,70,127.463
71,71,25.5191
72,72,5.06737
73,73,81.7087
74,74,111.078
75,75,25.5768
76,76,5.07486
77,77,107.41
78,78,87.235
79,79,25.4614
80,80,5.05989
81,81,103.025
82,82,98.874
83,83,25.6056
84,84,5.0786
85,85,94.15
86,86,95.71
87,87,25.5768
88,88,5.07486
89,89,106.24
90,90,101.134
91,91,25.6345
92,92,5.08234
93,93,83.3429
94,94,83.3429
95,95,25.5768
96,96,5.07486
97,97,87.7
98,98,55.934
99,99,3.54959
100,100,1.73519
101,101,104.22
102,102,96.614
103,103,25.6056
104,104,5.0786
105,105,86.995
106,106,105.654
107,107,25.548
108,108,5.07112
109,109,86.62
110,110,93.337
111,111,25.2884
112,112,5.03743
113,113,86.14
114,114,61.358
115,115,25.8364
116,116,5.10854
117,117,113.26
118,118,94.015
119,119,25.8364
120,120,5.10854
121,121,5.10854
122,122,5.10854
123,123,25.3749
124,124,5.04866
125,125,5.04866
126,126,74.353
127,127,25.4326
128,128,5.05614
129,129,99.28
130,130,112.773
131,131,25.3172
132,132,5.04117
133,133,75.28
134,134,75.28
135,135,25.3461
136,136,5.04491
137,137,110.2
138,138,89.947
139,139,25.4038
140,140,5.0524
141,141,121.81
142,142,66.217
143,143,25.6922
144,144,5.08983
145,145,86.98
146,146,89.721
147,147,25.4326
148,148,5.05614
149,149,85.96
150,150,109.496
151,151,25.4326
152,152,5.05614
153,153,90.7
154,154,103.168
155,155,25.7787
156,156,5.10106
157,157,83.6982
158,158,117.858
159,159,25.4903
160,160,5.06363
161,161,89.65
162,162,66.104
163,163,25.721
164,164,5.09357
165,165,91.75
166,166,57.29
167,167,25.5768
168,168,5.07486
169,169,99.4
170,170,103.62
171,171,25.3749
172,172,5.04866
173,173,103.309
174,174,91.077
175,175,25.5191
176,176,25.5191
177,177,88.5299
178,178,75.709
179,179,25.548
180,180,5.07112
181,181,83.095
182,182,84.636
183,183,25.6056
184,184,5.0786
185,185,86.14
186,186,110.061
187,187,25.5191
188,188,5.06737
189,189,99.88
190,190,118.197
191,191,25.6633
192,192,5.08609
193,193,82.575
194,194,73.562
195,195,25.2884
196,196,25.2884
197,197,77.68
198,198,78.873
199,199,25.3461
200,200,5.04491
201,201,93.28
202,202,76.613
203,203,25.7498
204,204,5.09732
205,205,91
206,206,73.675
207,207,25.721
208,208,5.09357
209,209,97.265
210,210,130.853
211,211,25.3172
212,212,5.04117
213,213,102.812
214,214,67.46
215,215,25.548
216,216,5.07112
217,217,84.4
218,218,86.896
219,219,25.7498
220,220,5.09732
221,221,74.26
222,222,127.576
223,223,25.721
224,224,5.09357
225,225,97.825
226,226,105.089
227,227,25.548
228,228,5.07112
229,229,82.4903
230,230,124.525
231,231,25.4326
232,232,5.05614
233,233,83.7693
234,234,57.516
235,235,25.548
236,236,5.07112
237,237,101.35
238,238,95.936
239,239,25.4326
240,240,5.05614
241,241,76.595
242,242,64.296
243,243,25.2884
244,244,5.03743
245,245,77.92
246,246,118.762
247,247,25.2884
248,248,5.03743
249,249,113.725
250,250,109.044
251,251,25.6633
252,252,5.08609
253,253,124.96
254,254,77.178
255,255,25.7498
256,256,5.09732
257,257,5.09732
258,258,120.005
259,259,25.7787
260,260,5.10106
261,261,91.1589
262,262,95.823
263,263,25.3749
264,264,5.04866
265,265,101.47
266,266,117.632
267,267,25.4614
268,268,5.05989
269,269,86.114
270,270,113.338
271,271,25.6345
272,272,5.08234
273,273,96.625
274,274,124.186
275,275,25.8364
276,276,25.8364
277,277,80.69
278,278,67.008
279,279,25.3461
280,280,5.04491
281,281,98.38
282,282,127.011
283,283,25.7787
284,284,5.10106
285,285,78.935
286,286,92.659
287,287,25.6922
288,288,5.08983
289,289,112
290,290,79.099
291,291,25.4038
292,292,5.0524
293,293,100.396
294,294,55.708
295,295,25.8075
296,296,5.1048
297,297,116.86
298,298,120.231
299,299,25.3172
300,300,5.04117
301,301,110.2
302,302,27.14
303,303,25.7498
304,304,5.09732
305,305,95.2
306,306,102.151
307,307,25.2884
308,308,5.03743
309,309,103.9
310,310,107.801
311,311,25.4903
312,312,5.06363
313,313,88.6
314,314,100.569
315,315,25.548
316,316,5.07112
317,317,106.15
318,318,106.558
319,319,106.558
320,320,5.08609
321,321,5.08609
322,322,127.463
323,323,25.2884
324,324,5.03743
325,325,86.08
326,326,51.4481
327,327,25.721
328,328,2.18863
329,329,108.141
330,330,131.757
331,331,25.3461
332,332,5.04491
333,333,73
334,334,109.157
335,335,25.548
336,336,5.07112
337,337,102.456
338,338,103.733
339,339,25.4903
340,340,5.06363
341,341,93.325
342,342,86.896
343,343,25.3461
344,344,25.3461
345,345,25.3461
346,346,119.327
347,347,25.3461
348,348,5.04491
349,349,87.55
350,350,111.53
351,351,25.2884
352,352,5.03743
353,353,83.485
354,354,56.6975
355,355,25.548
356,356,5.07112
357,357,92.08
358,358,126.559
359,359,25.4326
360,360,5.05614
361,361,99.8275
362,362,122.039
363,363,25.5191
364,364,5.06737
365,365,79.8613
366,366,122.039
367,367,25.721
368,368,5.09357
369,369,100.254
370,370,106.219
371,371,25.4614
372,372,5.05989
373,373,101.75
374,374,112.886
375,375,25.4326
376,376,5.05614
377,377,91.935
378,378,119.666
379,379,25.6922
380,380,5.08983
381,381,104.35
382,382,77.065
383,383,25.8075
384,384,5.1048
385,385,99.4
386,386,99.665
387,387,25.7787
388,388,5.10106
389,389,86.735
390,390,91.981
391,391,91.981
392,392,5.07112
393,393,95.835
394,394,86.331
395,395,25.4038
396,396,5.0524
397,397,87.34
398,398,86.444
399,399,25.548
400,400,5.07112
401,401,80
402,402,100
403,403,100
404,404,30
405,405,50
406,406,90
407,407,50
408,408,10
409,409,50
410,410,90
411,411,50
412,412,10
413,413,90
414,414,105
415,415,30
416,416,20
417,417,50
418,418,90
419,419,50
420,420,10
421,421,90
422,422,105
423,423,30
424,424,20
425,425,90
426,426,105
427,427,30
428,428,20
429,429,75
430,430,95
431,431,40
432,432,15
433,433,50
434,434,90
435,435,50
436,436,10
437,437,90
438,438,105
439,439,30
440,440,20
441,441,90
442,442,105
443,443,30
444,444,20
445,445,50
446,446,90
447,447,50
448,448,10
449,449,50
450,450,90
451,451,50
452,452,50
453,453,75
454,454,95
455,455,40
456,456,15
457,457,80
458,458,100
459,459,70
460,460,30
461,461,75
462,462,95
463,463,40
464,464,15
465,465,90
466,466,105
467,467,30
468,468,20
469,469,80
470,470,100
471,471,70
472,472,30
473,473,90
474,474,105
475,475,22.7117
476,476,20
477,477,80
478,478,100
479,479,70
480,480,30
481,481,75
482,482,95
483,483,40
484,484,15
485,485,75
486,486,95
487,487,40
488,488,15
489,489,90
490,490,105
491,491,30
492,492,20
493,493,80
494,494,100
495,495,70
496,496,30
497,497,80
498,498,100
499,499,70
500,500,30
501,501,50
502,502,90
503,503,50
504,504,10
505,505,80
506,506,100
507,507,70
508,508,30
509,509,80
510,510,100
511,511,70
512,512,30
513,513,80
514,514,100
515,515,70
516,516,30
517,517,30
518,518,100
519,519,70
520,520,30
521,521,75
522,522,95
523,523,40
524,524,15
525,525,15
526,526,100
527,527,70
528,528,30
529,529,90
530,530,105
531,531,30
532,532,20
533,533,90
534,534,105
535,535,30
536,536,20
537,537,75
538,538,95
539,539,40
540,540,15
541,541,50
542,542,90
543,543,50
544,544,10
545,545,90
546,546,105
547,547,30
548,548,20
549,549,56.695
550,550,100
551,551,70
552,552,30
553,553,80
554,554,100
555,555,70
556,556,30
557,557,75
558,558,95
559,559,40
560,560,15
561,561,50
562,562,90
563,563,50
564,564,10
565,565,50
566,566,90
567,567,50
568,568,10
569,569,75
570,570,95
571,571,40
572,572,15
573,573,90
574,574,105
575,575,30
576,576,20
577,577,75
578,578,95
579,579,40
580,580,15
581,581,50
582,582,90
583,583,50
584,584,10
585,585,90
586,586,105
587,587,105
588,588,20
589,589,50
590,590,90
591,591,90
592,592,10
593,593,50
594,594,90
595,595,50
596,596,10
597,597,75
598,598,95
599,599,40
600,600,15
601,601,80
602,602,100
603,603,70
604,604,30
605,605,65.6569
606,606,95
607,607,40
608,608,15
609,609,75
610,610,95
611,611,40
612,612,15
613,613,75
614,614,95
615,615,40
616,616,15
617,617,90
618,618,105
619,619,30
620,620,20
621,621,75
622,622,95
623,623,40
624,624,15
625,625,56.2773
626,626,100
627,627,70
628,628,30
629,629,50
630,630,90
631,631,50
632,632,10
633,633,80
634,634,100
635,635,70
636,636,30
637,637,75
638,638,75
639,639,40
640,640,15
641,641,90
642,642,105
643,643,30
644,644,20
645,645,50
646,646,90
647,647,50
648,648,10
649,649,80
650,650,100
651,651,70
652,652,30
653,653,30
654,654,90
655,655,50
656,656,10
657,657,90
658,658,105
659,659,30
660,660,20
661,661,90
662,662,105
663,663,30
664,664,20
665,665,75
666,666,95
667,667,40
668,668,15
669,669,90
670,670,105
671,671,30
672,672,20
673,673,50
674,674,90
675,675,50
676,676,10
677,677,59.948
678,678,95
679,679,40
680,680,15
681,681,90
682,682,105
683,683,30
684,684,20
685,685,90
686,686,105
687,687,30
688,688,20
689,689,90
690,690,105
691,691,30
692,692,13.3821
693,693,50
694,694,90
695,695,50
696,696,10
697,697,80
698,698,100
699,699,70
700,700,30
701,701,80
702,702,100
703,703,70
704,704,30
705,705,80
706,706,100
707,707,70
708,708,30
709,709,80
710,710,100
711,711,70
712,712,30
713,713,90
714,714,105
715,715,30
716,716,20
717,717,90
718,718,105
719,719,30
720,720,20
721,721,80
722,722,100
723,723,70
724,724,30
725,725,30
726,726,105
727,727,30
728,728,9.04955
729,729,50
730,730,90
731,731,50
732,732,10
733,733,80
734,734,100
735,735,70
736,736,30
737,737,75
738,738,95
739,739,40
740,740,15
741,741,80
742,742,100
743,743,70
744,744,70
745,745,50
746,746,90
747,747,50
748,748,10
749,749,75
750,750,95
751,751,40
752,752,15
753,753,75
754,754,95
755,755,40
756,756,15
757,757,50
758,758,90
759,759,50
760,760,10
761,761,50
762,762,23.1833
763,763,38.0211
764,764,10
765,765,50
766,766,90
767,767,50
768,768,6.44095
769,769,80
770,770,100
771,771,70
772,772,30
773,773,50
774,774,90
775,775,50
776,776,50
777,777,50
778,778,90
779,779,50
780,780,2.54276
781,781,80
782,782,100
783,783,70
784,784,30
785,785,50
786,786,90
787,787,8.99718
788,788,10
789,789,75
790,790,95
791,791,40
792,792,15
793,793,90
794,794,105
795,795,30
796,796,20
797,797,75
798,798,95
799,799,40
800,800,15
800,1,20
801,2,107.688
802,3,25.7787
803,4,5.10106
804,5,46.3068
805,6,56.499
806,7,25.3749
807,8,5.04866
808,9,91.75
809,10,80.229
810,11,25.7787
811,12,5.10106
812,13,91.9405
813,14,102.264
814,15,25.3749
815,16,5.04866
816,17,111.01
817,18,76.5
818,19,25.6922
819,20,5.08983
820,21,108.55
821,22,121.587
822,23,25.8075
823,24,5.1048
824,25,108.212
825,26,91.077
826,27,25.3461
827,28,5.04491
828,29,83.2008
829,30,69.833
830,31,25.548
831,32,5.07112
832,33,123.52
833,34,97.97
834,35,25.3461
835,36,5.04491
836,37,83.62
837,38,90.738
838,39,25.5768
839,40,5.07486
840,41,88.33
841,42,131.418
842,43,25.4903
843,44,5.06363
844,45,70.18
845,46,87.009
846,47,25.2884
847,48,5.03743
848,49,109.3
849,50,57.855
850,51,25.4038
851,52,5.0524
852,53,107.575
853,54,107.575
854,55,25.7787
855,56,25.7787
856,57,98.08
857,58,117.971
858,59,25.2884
859,60,5.03743
860,61,73.085
861,62,94.015
862,63,25.8364
863,64,5.10854
864,65,80.86
865,66,96.727
866,67,25.4326
867,68,5.05614
868,69,98.65
869,70,127.463
870,71,25.5191
871,72,5.06737
872,73,81.7087
873,74,111.078
874,75,25.5768
875,76,5.07486
876,77,107.41
877,78,87.235
878,79,25.4614
879,80,5.05989
880,81,103.025
881,82,98.874
882,83,25.6056
883,84,25.6056
884,85,94.15
885,86,95.71
886,87,25.5768
887,88,5.07486
888,89,106.24
889,90,101.134
890,91,25.6345
891,92,5.08234
892,93,83.3429
893,94,105.88
894,95,25.5768
895,96,5.07486
896,97,87.7
897,98,55.934
898,99,25.6056
899,100,5.0786
900,101,104.22
901,102,96.614
902,103,25.6056
903,104,5.0786
904,105,86.995
905,106,105.654
906,107,25.548
907,108,5.07112
908,109,86.62
909,110,93.337
910,111,25.2884
911,112,3.10801
912,113,86.14
913,114,61.358
914,115,12.5924
915,116,5.10854
916,117,113.26
917,118,12.5583
918,119,25.8364
919,120,5.10854
920,121,86.02
921,122,108.818
922,123,25.3749
923,124,5.04866
924,125,119.02
925,126,74.353
926,127,25.4326
927,128,5.05614
928,129,99.28
929,130,112.773
930,131,25.3172
931,132,5.04117
932,133,5.04117
933,134,98.648
934,135,25.3461
935,136,5.04491
936,137,110.2
937,138,89.947
938,139,25.4038
939,140,5.0524
940,141,121.81
941,142,66.217
942,143,25.6922
943,144,5.08983
944,145,86.98
945,146,89.721
946,147,25.4326
947,148,5.05614
948,149,85.96
949,150,109.496
950,151,25.4326
951,152,5.05614
952,153,90.7
953,154,103.168
954,155,25.7787
955,156,5.10106
956,157,83.6982
957,158,117.858
958,159,25.4903
959,160,5.06363
960,161,89.65
961,162,19.7993
962,163,25.721
963,164,5.09357
964,165,91.75
965,166,57.29
966,167,25.5768
967,168,5.07486
968,169,99.4
969,170,103.62
970,171,25.3749
971,172,5.04866
972,173,5.04866
973,174,91.077
974,175,25.5191
975,176,5.06737
976,177,88.5299
977,178,75.709
978,179,25.548
979,180,5.07112
980,181,83.095
981,182,84.636
982,183,25.6056
983,184,5.0786
984,185,86.14
985,186,110.061
986,187,25.5191
987,188,5.06737
988,189,99.88
989,190,118.197
990,191,25.6633
991,192,5.08609
992,193,82.575
993,194,73.562
994,195,25.2884
995,196,5.03743
996,197,77.68
997,198,78.873
998,199,25.3461
999,200,5.04491
1000,201,93.28
1001,202,76.613
1002,203,25.7498
1003,204,5.09732
1004,205,91
1005,206,73.675
1006,207,73.675
1007,208,5.09357
1008,209,97.265
1009,210,130.853
1010,211,25.3172
1011,212,5.04117
1012,213,102.812
1013,214,67.46
1014,215,25.548
1015,216,5.07112
1016,217,84.4
1017,218,86.896
1018,219,25.7498
1019,220,5.09732
1020,221,74.26
1021,222,127.576
1022,223,25.721
1023,224,5.09357
1024,225,97.825
1025,226,105.089
1026,227,25.548
1027,228,5.07112
1028,229,82.4903
1029,230,124.525
1030,231,25.4326
1031,232,5.05614
1032,233,83.7693
1033,234,57.516
1034,235,25.548
1035,236,25.548
1036,237,101.35
1037,238,95.936
1038,239,25.4326
1039,240,5.05614
1040,241,76.595
1041,242,64.296
1042,243,25.2884
1043,244,5.03743
1044,245,77.92
1045,246,118.762
1046,247,25.2884
1047,248,5.03743
1048,249,113.725
1049,250,109.044
1050,251,25.6633
1051,252,5.08609
1052,253,124.96
1053,254,77.178
1054,255,25.7498
1055,256,5.09732
1056,257,94
1057,258,120.005
1058,259,25.7787
1059,260,5.10106
1060,261,91.1589
1061,262,95.823
1062,263,25.3749
1063,264,5.04866
1064,265,101.47
1065,266,117.632
1066,267,25.4614
1067,268,5.05989
1068,269,86.114
1069,270,113.338
1070,271,25.6345
1071,272,5.08234
1072,273,96.625
1073,274,124.186
1074,275,25.8364
1075,276,5.10854
1076,277,80.69
1077,278,67.008
1078,279,25.3461
1079,280,5.04491
1080,281,5.04491
1081,282,127.011
1082,283,25.7787
1083,284,5.10106
1084,285,78.935
1085,286,92.659
1086,287,25.6922
1087,288,5.08983
1088,289,112
1089,290,79.099
1090,291,25.4038
1091,292,5.0524
1092,293,100.396
1093,294,55.708
1094,295,25.8075
1095,296,25.8075
1096,297,116.86
1097,298,120.231
1098,299,25.3172
1099,300,5.04117
1100,301,5.04117
1101,302,64.974
1102,303,25.7498
1103,304,5.09732
1104,305,95.2
1105,306,102.151
1106,307,25.2884
1107,308,5.03743
1108,309,103.9
1109,310,107.801
1110,311,25.4903
1111,312,5.06363
1112,313,88.6
1113,314,100.569
1114,315,25.548
1115,316,5.07112
1116,317,106.15
1117,318,106.558
1118,319,25.6633
1119,320,5.08609
1120,321,99.775
1121,322,99.775
1122,323,25.2884
1123,324,5.03743
1124,325,86.08
1125,326,84.862
1126,327,25.721
1127,328,5.09357
1128,329,108.141
1129,330,20.522
1130,331,25.3461
1131,332,5.04491
1132,333,73
1133,334,109.157
1134,335,25.548
1135,336,5.07112
1136,337,102.456
1137,338,103.733
1138,339,25.4903
1139,340,5.06363
1140,341,93.325
1141,342,86.896
1142,343,25.3461
1143,344,5.04491
1144,345,75.9533
1145,346,119.327
1146,347,25.3461
1147,348,5.04491
1148,349,68.3799
1149,350,111.53
1150,351,25.2884
1151,352,5.03743
1152,353,83.485
1153,354,121.361
1154,355,25.548
1155,356,5.07112
1156,357,92.08
1157,358,126.559
1158,359,25.4326
1159,360,5.05614
1160,361,99.8275
1161,362,122.039
1162,363,25.5191
1163,364,5.06737
1164,365,79.8613
1165,366,122.039
1166,367,122.039
1167,368,5.09357
1168,369,100.254
1169,370,106.219
1170,371,25.4614
1171,372,5.05989
1172,373,101.75
1173,374,112.886
1174,375,25.4326
1175,376,5.05614
1176,377,91.935
1177,378,119.666
1178,379,25.6922
1179,380,5.08983
1180,381,104.35
1181,382,77.065
1182,383,25.8075
1183,384,5.1048
1184,385,99.4
1185,386,99.665
1186,387,25.7787
1187,388,5.10106
1188,389,86.735
1189,390,91.981
1190,391,25.548
1191,392,5.07112
1192,393,95.835
1193,394,86.331
1194,395,25.4038
1195,396,5.0524
1196,397,87.34
1197,398,86.444
1198,399,25.548
1199,400,5.07112
1200,401,80
1201,402,100
1202,403,70
1203,404,30
1204,405,50
1205,406,90
1206,407,50
1207,408,10
1208,409,50
1209,410,50
1210,411,50
1211,412,10
1212,413,90
1213,414,105
1214,415,30
1215,416,20
1216,417,50
1217,418,90
1218,419,50
1219,420,10
1220,421,90
1221,422,105
1222,423,30
1223,424,20
1224,425,59.4307
1225,426,105
1226,427,30
1227,428,20
1228,429,75
1229,430,95
1230,431,40
1231,432,15
1232,433,50
1233,434,90
1234,435,50
1235,436,10
1236,437,90
1237,438,105
1238,439,30
1239,440,20
1240,441,90
1241,442,105
1242,443,30
1243,444,20
1244,445,50
1245,446,90
1246,447,90
1247,448,10
1248,449,50
1249,450,90
1250,451,90
1251,452,10
1252,453,75
1253,454,95
1254,455,40
1255,456,15
1256,457,80
1257,458,100
1258,459,70
1259,460,30
1260,461,75
1261,462,95
1262,463,40
1263,464,15
1264,465,90
1265,466,105
1266,467,30
1267,468,20
1268,469,80
1269,470,100
1270,471,70
1271,472,30
1272,473,90
1273,474,105
1274,475,30
1275,476,30
1276,477,80
1277,478,100
1278,479,70
1279,480,30
1280,481,75
1281,482,95
1282,483,40
1283,484,15
1284,485,75
1285,486,95
1286,487,40
1287,488,15
1288,489,90
1289,490,105
1290,491,30
1291,492,20
1292,493,80
1293,494,100
1294,495,70
1295,496,30
1296,497,80
1297,498,100
1298,499,70
1299,500,30
1300,501,50
1301,502,90
1302,503,50
1303,504,10
1304,505,80
1305,506,100
1306,507,70
1307,508,30
1308,509,80
1309,510,100
1310,511,70
1311,512,30
1312,513,80
1313,514,80
1314,515,70
1315,516,30
1316,517,80
1317,518,100
1318,519,70
1319,520,30
1320,521,75
1321,522,95
1322,523,40
1323,524,15
1324,525,80
1325,526,100
1326,527,70
1327,528,30
1328,529,90
1329,530,105
1330,531,30
1331,532,20
1332,533,90
1333,534,105
1334,535,105
1335,536,20
1336,537,75
1337,538,95
1338,539,40
1339,540,15
1340,541,50
1341,542,90
1342,543,50
1343,544,50
1344,545,90
1345,546,105
1346,547,30
1347,548,20
1348,549,80
1349,550,100
1350,551,70
1351,552,30
1352,553,80
1353,554,100
1354,555,70
1355,556,30
1356,557,75
1357,558,95
1358,559,40
1359,560,15
1360,561,50
1361,562,90
1362,563,50
1363,564,10
1364,565,50
1365,566,90
1366,567,50
1367,568,10
1368,569,75
1369,570,95
1370,571,40
1371,572,40
1372,573,90
1373,574,105
1374,575,30
1375,576,20
1376,577,75
1377,578,95
1378,579,40
1379,580,15
1380,581,50
1381,582,90
1382,583,50
1383,584,10
1384,585,90
1385,586,105
1386,587,30
1387,588,20
1388,589,50
1389,590,90
1390,591,50
1391,592,10
1392,593,50
1393,594,90
1394,595,50
1395,596,10
1396,597,75
1397,598,95
1398,599,40
1399,600,15
1400,601,80
1401,602,100
1402,603,70
1403,604,30
1404,605,29.7874
1405,606,95
1406,607,40
1407,608,15
1408,609,75
1409,610,95
1410,611,40
1411,612,15
1412,613,75
1413,614,95
1414,615,40
1415,616,15
1416,617,90
1417,618,105
1418,619,30
1419,620,20
1420,621,75
1421,622,95
1422,623,40
1423,624,15
1424,625,80
1425,626,100
1426,627,70
1427,628,30
1428,629,50
1429,630,90
1430,631,50
1431,632,10
1432,633,80
1433,634,80
1434,635,70
1435,636,30
1436,637,75
1437,638,95
1438,639,40
1439,640,15
1440,641,90
1441,642,105
1442,643,30
1443,644,20
1444,645,50
1445,646,90
1446,647,90
1447,648,10
1448,649,80
1449,650,100
1450,651,70
1451,652,30
1452,653,50
1453,654,90
1454,655,50
1455,656,10
1456,657,90
1457,658,105
1458,659,30
1459,660,20
1460,661,40.0254
1461,662,105
1462,663,30
1463,664,20
1464,665,75
1465,666,95
1466,667,40
1467,668,15
1468,669,90
1469,670,105
1470,671,30
1471,672,20
1472,673,50
1473,674,90
1474,675,50
1475,676,10
1476,677,75
1477,678,95
1478,679,40
1479,680,15
1480,681,90
1481,682,43.6749
1482,683,30
1483,684,20
1484,685,90
1485,686,105
1486,687,30
1487,688,20
1488,689,90
1489,690,105
1490,691,30
1491,692,20
1492,693,50
1493,694,90
1494,695,50
1495,696,10
1496,697,80
1497,698,100
1498,699,70
1499,700,30
1500,701,80
1501,702,100
1502,703,70
1503,704,30
1504,705,80
1505,706,100
1506,707,70
1507,708,30
1508,709,80
1509,710,100
1510,711,70
1511,712,30
1512,713,90
1513,714,105
1514,715,30
1515,716,20
1516,717,90
1517,718,105
1518,719,30
1519,720,20
1520,721,80
1521,722,100
1522,723,70
1523,724,30
1524,725,90
1525,726,105
1526,727,30
1527,728,20
1528,729,50
1529,730,90
1530,731,50
1531,732,10
1532,733,80
1533,734,100
1534,735,70
1535,736,30
1536,737,75
1537,738,95
1538,739,40
1539,740,15
1540,741,80
1541,742,80
1542,743,70
1543,744,30
1544,745,50
1545,746,90
1546,747,50
1547,748,10
1548,749,75
1549,750,75
1550,751,40
1551,752,15
1552,753,75
1553,754,95
1554,755,40
1555,756,15
1556,757,50
1557,758,90
1558,759,50
1559,760,10
1560,761,50
1561,762,12.1785
1562,763,50
1563,764,10
1564,765,50
1565,766,90
1566,767,50
1567,768,10
1568,769,80
1569,770,100
1570,771,70
1571,772,30
1572,773,50
1573,774,90
1574,775,50
1575,776,10
1576,777,50
1577,778,90
1578,779,50
1579,780,10
1580,781,80
1581,782,100
1582,783,70
1583,784,10.4021
1584,785,50
1585,786,90
1586,787,50
1587,788,10
1588,789,75
1589,790,95
1590,791,40
1591,792,15
1592,793,90
1593,794,105
1594,795,30
1595,796,20
1596,797,75
1597,798,95
1598,799,40
1599,800,15
1599,2398,98.65
1600,2399,89.608
1601,2400,25.4326
1602,2401,5.05614
1603,2402,125.5
1604,2403,77.291
1605,2404,25.6056
1606,2405,5.0786
1607,2406,94.81
1608,2407,118.197
1609,2408,25.6633
1610,2409,5.08609
1611,2410,110.059
1612,2411,76.387
1613,2412,25.6922
1614,2413,5.08983
1615,2414,106.87
1616,2415,105.541
1617,2416,25.5768
1618,2417,1.96482
1619,2418,80.8
1620,2419,96.614
1621,2420,25.4038
1622,2421,5.04866
1623,2422,109.42
1624,2423,84.636
1625,2424,25.7787
1626,2425,5.1048
1627,2426,98.9038
1628,2427,116.502
1629,2428,25.721
1630,2429,5.09732
1631,2430,94.63
1632,2431,78.647
1633,2432,25.6633
1634,2433,5.08234
1635,2434,86.86
1636,2435,96.275
1637,2436,25.721
1638,2437,5.09732
1639,2438,103.27
1640,2439,127.124
1641,2440,25.5191
1642,2441,5.06737
1643,2442,70.06
1644,2443,107.123
1645,2444,25.3172
1646,2445,5.03743
1647,2446,94.81
1648,2447,64.748
1649,2448,25.3749
1650,2449,5.04866
1651,2450,5.04866
1652,2451,102.829
1653,2452,25.2884
1654,2453,5.04117
1655,2454,97.54
1656,2455,131.531
1657,2456,25.2884
1658,2457,5.04117
1659,2458,83.68
1660,2459,128.367
1661,2460,25.4326
1662,2461,5.05614
1663,2462,95.26
1664,2463,49.3353
1665,2464,25.7787
1666,2465,5.10106
1667,2466,104.5
1668,2467,62.714
1669,2468,25.8075
1670,2469,5.1048
1671,2470,79.5771
1672,2471,121.248
1673,2472,121.248
1674,2473,5.07486
1675,2474,87.07
1676,2475,63.957
1677,2476,25.6633
1678,2477,5.08609
1679,2478,83.414
1680,2479,117.406
1681,2480,25.2884
1682,2481,5.03743
1683,2482,85.675
1684,2483,66.217
1685,2484,25.2884
1686,2485,5.04117
1687,2486,95.44
1688,2487,128.932
1689,2488,25.721
1690,2489,5.08983
1691,2490,78.7955
1692,2491,60.115
1693,2492,25.4903
1694,2493,5.06363
1695,2494,119.92
1696,2495,107.349
1697,2496,25.7787
1698,2497,5.10106
1699,2498,76.985
1700,2499,62.601
1701,2500,25.548
1702,2501,5.06737
1703,2502,82.705
1704,2503,112.66
1705,2504,25.3172
1706,2505,5.04117
1707,2506,89.38
1708,2507,108.818
1709,2508,7.03612
1710,2509,5.03369
1711,2510,70.12
1712,2511,70.12
1713,2512,25.6922
1714,2513,5.08983
1715,2514,128.47
1716,2515,109.835
1717,2516,25.7498
1718,2517,5.10106
1719,2518,5.10106
1720,2519,89.043
1721,2520,25.6056
1722,2521,5.0786
1723,2522,100.57
1724,2523,84.636
1725,2524,25.548
1726,2525,5.06737
1727,2526,95.56
1728,2527,105.654
1729,2528,25.2596
1730,2529,5.03369
1731,2530,84.52
1732,2531,37.3832
1733,2532,25.5191
1734,2533,5.07112
1735,2534,111.55
1736,2535,73.449
1737,2536,25.6056
1738,2537,5.08234
1739,2538,113.98
1740,2539,115.033
1741,2540,25.4903
1742,2541,5.06737
1743,2542,115.78
1744,2543,64.861
1745,2544,25.4614
1746,2545,5.05989
1747,2546,96.88
1748,2547,65.878
1749,2548,25.8364
1750,2549,5.10854
1751,2550,78.22
1752,2551,76.952
1753,2552,25.6345
1754,2553,5.0786
1755,2554,98.6196
1756,2555,117.067
1757,2556,25.4614
1758,2557,5.06363
1759,2558,100.6
1760,2559,87.009
1761,2560,25.8075
1762,2561,5.1048
1763,2562,94.15
1764,2563,108.253
1765,2564,25.4038
1766,2565,5.0524
1767,2566,96.4
1768,2567,103.62
1769,2568,25.2884
1770,2569,5.03743
1771,2570,87.8193
1772,2571,118.988
1773,2572,25.7787
1774,2573,5.1048
1775,2574,5.1048
1776,2575,93.676
1777,2576,25.6633
1778,2577,5.08609
1779,2578,104.22
1780,2579,74.127
1781,2580,25.4614
1782,2581,5.05989
1783,2582,76.78
1784,2583,76.78
1785,2584,25.3749
1786,2585,5.0524
1787,2586,72.88
1788,2587,101.699
1789,2588,25.3749
1790,2589,5.04866
1791,2590,86.02
1792,2591,118.762
1793,2592,25.721
1794,2593,5.09357
1795,2594,97.9
1796,2595,61.697
1797,2596,25.5768
1798,2597,5.0786
1799,2598,93.46
1800,2599,105.541
1801,2600,25.548
1802,2601,5.07486
1803,2602,75.82
1804,2603,67.686
1805,2604,25.7787
1806,2605,5.09732
1807,2606,80.625
1808,2607,69.381
1809,2608,25.3172
1810,2609,5.04117
1811,2610,89.3115
1812,2611,131.305
1813,2612,25.5768
1814,2613,5.07112
1815,2614,105.025
1816,2615,132.096
1817,2616,25.2884
1818,2617,5.04117
1819,2618,23.666
1820,2619,95.032
1821,2620,25.3461
1822,2621,5.04491
1823,2622,93.55
1824,2623,74.692
1825,2624,25.7498
1826,2625,2.39276
1827,2626,96.9143
1828,2627,128.819
1829,2628,25.548
1830,2629,5.07112
1831,2630,101.817
1832,2631,100.456
1833,2632,25.5191
1834,2633,5.06363
1835,2634,102.7
1836,2635,67.234
1837,2636,25.4326
1838,2637,5.05614
1839,2638,5.05614
1840,2639,5.05614
1841,2640,25.8075
1842,2641,5.10854
1843,2642,73.42
1844,2643,55.708
1845,2644,25.4038
1846,2645,5.05614
1847,2646,94.525
1848,2647,91.19
1849,2648,25.5191
1850,2649,5.06737
1851,2650,125.59
1852,2651,69.607
1853,2652,25.3749
1854,2653,5.04866
1855,2654,99.7
1856,2655,114.242
1857,2656,25.6922
1858,2657,5.09357
1859,2658,94.5695
1860,2659,118.762
1861,2660,25.4038
1862,2661,5.0524
1863,2662,47.7158
1864,2663,113.903
1865,2664,25.7787
1866,2665,5.09732
1867,2666,83.2719
1868,2667,126.559
1869,2668,25.5768
1870,2669,5.0786
1871,2670,105.475
1872,2671,90.06
1873,2672,25.6345
1874,2673,25.6345
1875,2674,91.35
1876,2675,130.966
1877,2676,25.548
1878,2677,5.06737
1879,2678,74.08
1880,2679,125.09
1881,2680,25.7787
1882,2681,5.10106
1883,2682,57.7921
1884,2683,62.488
1885,2684,25.6922
1886,2685,5.09357
1887,2686,103.18
1888,2687,109.835
1889,2688,13.4743
1890,2689,5.08983
1891,2690,77.4455
1892,2691,128.932
1893,2692,25.4326
1894,2693,5.05614
1895,2694,100.03
1896,2695,113.564
1897,2696,25.4038
1898,2697,5.05614
1899,2698,76.9351
1900,2699,83.732
1901,2700,25.7498
1902,2701,5.09732
1903,2702,81.46
1904,2703,70.285
1905,2704,25.3749
1906,2705,5.0524
1907,2706,104.65
1908,2707,104.65
1909,2708,25.7787
1910,2709,5.09732
1911,2710,77.92
1912,2711,103.959
1913,2712,25.3172
1914,2713,5.03743
1915,2714,109.84
1916,2715,109.84
1917,2716,25.3461
1918,2717,5.04117
1919,2718,98.725
1920,2719,131.983
1921,2720,25.721
1922,2721,5.09732
1923,2722,104.17
1924,2723,111.191
1925,2724,25.2596
1926,2725,5.03743
1927,2726,87.0378
1928,2727,93.337
1929,2728,25.3461
1930,2729,5.04491
1931,2730,89.8
1932,2731,124.412
1933,2732,25.3749
1934,2733,5.04866
1935,2734,99.3301
1936,2735,89.608
1937,2736,25.2596
1938,2737,5.03369
1939,2738,88.3
1940,2739,71.528
1941,2740,25.721
1942,2741,5.08983
1943,2742,88.3878
1944,2743,104.072
1945,2744,25.6056
1946,2745,5.0786
1947,2746,82.975
1948,2747,109.383
1949,2748,25.4614
1950,2749,5.05614
1951,2750,101.1
1952,2751,93.224
1953,2752,25.7498
1954,2753,5.09732
1955,2754,81.52
1956,2755,114.016
1957,2756,25.6056
1958,2757,5.08234
1959,2758,76.5218
1960,2759,66.104
1961,2760,25.8364
1962,2761,5.1048
1963,2762,90.8036
1964,2763,107.236
1965,2764,25.7787
1966,2765,5.10106
1967,2766,84.1245
1968,2767,79.777
1969,2768,25.5191
1970,2769,5.06363
1971,2770,100.255
1972,2771,65.539
1973,2772,25.6633
1974,2773,5.08234
1975,2774,81.08
1976,2775,83.619
1977,2776,25.4326
1978,2777,5.05614
1979,2778,106.15
1980,2779,109.157
1981,2780,25.3172
1982,2781,5.04117
1983,2782,80.8
1984,2783,130.514
1985,2784,25.4038
1986,2785,5.0524
1987,2786,92.91
1988,2787,60.567
1989,2788,25.4614
1990,2789,5.05989
1991,2790,90.31
1992,2791,124.412
1993,2792,124.412
1994,2793,5.08234
1995,2794,98.5
1996,2795,89.834
1997,2796,25.4614
1998,2797,5.05989
1999,2798,80
2000,2799,100
2001,2800,70
2002,2801,30
2003,2802,50
2004,2803,90
2005,2804,50
2006,2805,10
2007,2806,50
2008,2807,90
2009,2808,50
2010,2809,10
2011,2810,44.5586
2012,2811,105
2013,2812,30
2014,2813,20
2015,2814,50
2016,2815,90
2017,2816,50
2018,2817,10
2019,2818,90
2020,2819,105
2021,2820,30
2022,2821,20
2023,2822,90
2024,2823,105
2025,2824,30
2026,2825,20
2027,2826,75
2028,2827,95
2029,2828,40
2030,2829,15
2031,2830,5.51334
2032,2831,90
2033,2832,50
2034,2833,50
2035,2834,90
2036,2835,105
2037,2836,30
2038,2837,20
2039,2838,90
2040,2839,105
2041,2840,30
2042,2841,20
2043,2842,50
2044,2843,90
2045,2844,50
2046,2845,6.49409
2047,2846,50
2048,2847,50
2049,2848,50
2050,2849,10
2051,2850,75
2052,2851,95
2053,2852,40
2054,2853,15
2055,2854,80
2056,2855,100
2057,2856,70
2058,2857,30
2059,2858,75
2060,2859,95
2061,2860,40
2062,2861,40
2063,2862,90
2064,2863,105
2065,2864,30
2066,2865,20
2067,2866,80
2068,2867,80
2069,2868,70
2070,2869,30
2071,2870,90
2072,2871,105
2073,2872,30
2074,2873,20
2075,2874,80
2076,2875,100
2077,2876,70
2078,2877,30
2079,2878,75
2080,2879,95
2081,2880,40
2082,2881,15
2083,2882,75
2084,2883,95
2085,2884,40
2086,2885,15
2087,2886,90
2088,2887,105
2089,2888,30
2090,2889,20
2091,2890,80
2092,2891,100
2093,2892,70
2094,2893,30
2095,2894,80
2096,2895,100
2097,2896,70
2098,2897,30
2099,2898,50
2100,2899,90
2101,2900,50
2102,2901,8.49115
2103,2902,80
2104,2903,100
2105,2904,70
2106,2905,30
2107,2906,80
2108,2907,100
2109,2908,70
2110,2909,30
2111,2910,80
2112,2911,100
2113,2912,70
2114,2913,30
2115,2914,80
2116,2915,100
2117,2916,70
2118,2917,30
2119,2918,75
2120,2919,95
2121,2920,40
2122,2921,15
2123,2922,80
2124,2923,100
2125,2924,70
2126,2925,30
2127,2926,30
2128,2927,105
2129,2928,30
2130,2929,20
2131,2930,90
2132,2931,105
2133,2932,30
2134,2933,20
2135,2934,75
2136,2935,95
2137,2936,40
2138,2937,15
2139,2938,50
2140,2939,40.2308
2141,2940,40.2308
2142,2941,10
2143,2942,90
2144,2943,105
2145,2944,30
2146,2945,20
2147,2946,80
2148,2947,100
2149,2948,70
2150,2949,30
2151,2950,25.3334
2152,2951,100
2153,2952,70
2154,2953,30
2155,2954,75
2156,2955,95
2157,2956,95
2158,2957,15
2159,2958,50
2160,2959,90
2161,2960,90
2162,2961,10
2163,2962,50
2164,2963,90
2165,2964,50
2166,2965,10
2167,2966,75
2168,2967,95
2169,2968,40
2170,2969,15
2171,2970,15
2172,2971,105
2173,2972,30
2174,2973,20
2175,2974,75
2176,2975,95
2177,2976,40
2178,2977,15
2179,2978,50
2180,2979,90
2181,2980,50
2182,2981,10
2183,2982,90
2184,2983,105
2185,2984,30
2186,2985,30
2187,2986,50
2188,2987,90
2189,2988,50
2190,2989,10
2191,2990,50
2192,2991,15.9888
2193,2992,50
2194,2993,10
2195,2994,75
2196,2995,75
2197,2996,40
2198,2997,15
2199,2998,80
2200,2999,100
2201,3000,70
2202,3001,30
2203,3002,75
2204,3003,95
2205,3004,40
2206,3005,15
2207,3006,75
2208,3007,95
2209,3008,40
2210,3009,15
2211,3010,75
2212,3011,95
2213,3012,40
2214,3013,15
2215,3014,90
2216,3015,105
2217,3016,30
2218,3017,20
2219,3018,75
2220,3019,95
2221,3020,40
2222,3021,15
2223,3022,46.2724
2224,3023,100
2225,3024,100
2226,3025,30
2227,3026,50
2228,3027,90
2229,3028,50
2230,3029,10
2231,3030,80
2232,3031,100
2233,3032,70
2234,3033,30
2235,3034,75
2236,3035,95
2237,3036,40
2238,3037,15
2239,3038,90
2240,3039,105
2241,3040,30
2242,3041,20
2243,3042,50
2244,3043,90
2245,3044,50
2246,3045,10
2247,3046,80
2248,3047,100
2249,3048,70
2250,3049,30
2251,3050,50
2252,3051,90
2253,3052,50
2254,3053,10
2255,3054,90
2256,3055,105
2257,3056,30
2258,3057,20
2259,3058,90
2260,3059,105
2261,3060,30
2262,3061,20
2263,3062,75
2264,3063,95
2265,3064,40
2266,3065,15
2267,3066,90
2268,3067,105
2269,3068,30
2270,3069,20
2271,3070,50
2272,3071,90
2273,3072,50
2274,3073,10
2275,3074,75
2276,3075,95
2277,3076,40
2278,3077,15
2279,3078,90
2280,3079,105
2281,3080,30
2282,3081,20
2283,3082,90
2284,3083,105
2285,3084,30
2286,3085,20
2287,3086,90
2288,3087,105
2289,3088,30
2290,3089,20
2291,3090,50
2292,3091,50
2293,3092,50
2294,3093,10
2295,3094,80
2296,3095,100
2297,3096,54.4479
2298,3097,30
2299,3098,80
2300,3099,100
2301,3100,70
2302,3101,30
2303,3102,80
2304,3103,80
2305,3104,70
2306,3105,30
2307,3106,80
2308,3107,100
2309,3108,70
2310,3109,30
2311,3110,90
2312,3111,105
2313,3112,25.8549
2314,3113,20
2315,3114,90
2316,3115,105
2317,3116,30
2318,3117,20
2319,3118,80
2320,3119,100
2321,3120,70
2322,3121,9.02903
2323,3122,38.6684
2324,3123,105
2325,3124,30
2326,3125,20
2327,3126,50
2328,3127,90
2329,3128,50
2330,3129,10
2331,3130,80
2332,3131,100
2333,3132,70
2334,3133,30
2335,3134,75
2336,3135,95
2337,3136,40
2338,3137,15
2339,3138,80
2340,3139,100
2341,3140,70
2342,3141,30
2343,3142,50
2344,3143,90
2345,3144,50
2346,3145,10
2347,3146,75
2348,3147,95
2349,3148,40
2350,3149,15
2351,3150,75
2352,3151,95
2353,3152,40
2354,3153,15
2355,3154,50
2356,3155,90
2357,3156,50
2358,3157,10
2359,3158,50
2360,3159,90
2361,3160,50
2362,3161,4.69876
2363,3162,50
2364,3163,90
2365,3164,50
2366,3165,10
2367,3166,80
2368,3167,100
2369,3168,70
2370,3169,30
2371,3170,30
2372,3171,90
2373,3172,50
2374,3173,10
2375,3174,50
2376,3175,90
2377,3176,50
2378,3177,10
2379,3178,80
2380,3179,100
2381,3180,70
2382,3181,30
2383,3182,50
2384,3183,90
2385,3184,50
2386,3185,10
2387,3186,75
2388,3187,95
2389,3188,40
2390,3189,15
2391,3190,90
2392,3191,105
2393,3192,30
2394,3193,20
2395,3194,75
2396,3195,95
2397,3196,40
2398,3197,15
2398,3197,98.575
2399,3198,89.608
2400,3199,25.4326
2401,3200,5.0524
2402,3201,125.5
2403,3202,77.291
2404,3203,25.5768
2405,3204,5.0786
2406,3205,94.72
2407,3206,118.197
2408,3207,25.6633
2409,3208,5.08234
2410,3209,109.988
2411,3210,76.387
2412,3211,25.6922
2413,3212,5.08983
2414,3213,106.87
2415,3214,105.541
2416,3215,25.5768
2417,3216,5.0786
2418,3217,80.8
2419,3218,96.501
2420,3219,25.3749
2421,3220,5.04491
2422,3221,109.42
2423,3222,84.523
2424,3223,25.7787
2425,3224,5.10106
2426,3225,98.8327
2427,3226,116.502
2428,3227,25.721
2429,3228,5.09357
2430,3229,94.63
2431,3230,78.647
2432,3231,25.6345
2433,3232,5.0786
2434,3233,86.86
2435,3234,96.275
2436,3235,25.6922
2437,3236,5.09732
2438,3237,103.18
2439,3238,127.011
2440,3239,25.4903
2441,3240,5.06363
2442,3241,70.06
2443,3242,107.123
2444,3243,25.2884
2445,3244,5.03369
2446,3245,94.72
2447,3246,64.635
2448,3247,25.3749
2449,3248,5.04491
2450,3249,106.825
2451,3250,102.829
2452,3251,25.2884
2453,3252,5.03743
2454,3253,97.48
2455,3254,131.531
2456,3255,25.2596
2457,3256,5.04117
2458,3257,83.615
2459,3258,128.367
2460,3259,25.4038
2461,3260,5.05614
2462,3261,95.26
2463,3262,66.217
2464,3263,25.7498
2465,3264,5.09732
2466,3265,104.425
2467,3266,62.601
2468,3267,25.8075
2469,3268,5.10106
2470,3269,79.5771
2471,3270,121.248
2472,3271,25.5191
2473,3272,5.07112
2474,3273,86.98
2475,3274,63.957
2476,3275,25.6345
2477,3276,5.08234
2478,3277,83.414
2479,3278,117.293
2480,3279,25.2884
2481,3280,5.03369
2482,3281,85.675
2483,3282,66.217
2484,3283,25.2596
2485,3284,5.04117
2486,3285,95.35
2487,3286,128.932
2488,3287,25.6922
2489,3288,5.08983
2490,3289,78.7955
2491,3290,60.115
2492,3291,25.4614
2493,3292,5.05989
2494,3293,119.92
2495,3294,107.349
2496,3295,25.7498
2497,3296,25.7498
2498,3297,76.92
2499,3298,62.601
2500,3299,25.548
2501,3300,5.06737
2502,3301,82.705
2503,3302,112.547
2504,3303,25.3172
2505,3304,5.04117
2506,3305,5.04117
2507,3306,108.818
2508,3307,25.2884
2509,3308,5.02994
2510,3309,14.6225
2511,3310,84.636
2512,3311,25.6633
2513,3312,5.08983
2514,3313,128.47
2515,3314,109.722
2516,3315,25.7498
2517,3316,5.10106
2518,3317,91.12
2519,3318,58.1301
2520,3319,25.5768
2521,3320,5.0786
2522,3321,100.57
2523,3322,84.636
2524,3323,25.5191
2525,3324,25.5191
2526,3325,95.5
2527,3326,105.654
2528,3327,25.2596
2529,3328,5.02994
2530,3329,84.46
2531,3330,98.083
2532,3331,25.4903
2533,3332,5.06737
2534,3333,111.46
2535,3334,73.449
2536,3335,25.6056
2537,3336,5.08234
2538,3337,113.89
2539,3338,114.92
2540,3339,25.4903
2541,3340,5.06737
2542,3341,115.78
2543,3342,64.861
2544,3343,25.4326
2545,3344,5.05614
2546,3345,96.82
2547,3346,45.6211
2548,3347,25.8075
2549,3348,5.1048
2550,3349,78.155
2551,3350,33.2153
2552,3351,25.6345
2553,3352,5.07486
2554,3353,98.5485
2555,3354,116.954
2556,3355,19.5517
2557,3356,5.05989
2558,3357,100.6
2559,3358,87.009
2560,3359,25.7787
2561,3360,5.10106
2562,3361,25.0402
2563,3362,108.14
2564,3363,25.3749
2565,3364,5.0524
2566,3365,96.325
2567,3366,103.507
2568,3367,25.2884
2569,3368,5.03743
2570,3369,87.7483
2571,3370,118.875
2572,3371,25.7498
2573,3372,5.1048
2574,3373,79.0797
2575,3374,93.563
2576,3375,25.6633
2577,3376,5.08609
2578,3377,104.155
2579,3378,74.127
2580,3379,25.4326
2581,3380,5.05614
2582,3381,76.78
2583,3382,88.704
2584,3383,25.3749
2585,3384,5.0524
2586,3385,72.82
2587,3386,101.586
2588,3387,25.3749
2589,3388,5.04866
2590,3389,86.02
2591,3390,118.762
2592,3391,25.721
2593,3392,5.08983
2594,3393,97.84
2595,3394,61.584
2596,3395,25.5768
2597,3396,5.0786
2598,3397,93.4
2599,3398,105.541
2600,3399,25.5191
2601,3400,5.07112
2602,3401,75.82
2603,3402,67.686
2604,3403,25.7498
2605,3404,5.09732
2606,3405,80.56
2607,3406,69.268
2608,3407,25.3172
2609,3408,5.03743
2610,3409,89.3115
2611,3410,131.192
2612,3411,25.548
2613,3412,5.07112
2614,3413,105.025
2615,3414,131.983
2616,3415,25.2884
2617,3416,5.03743
2618,3417,77.2
2619,3418,94.919
2620,3419,25.3172
2621,3420,5.04117
2622,3421,93.55
2623,3422,74.692
2624,3423,25.721
2625,3424,5.09357
2626,3425,96.9143
2627,3426,128.706
2628,3427,25.5191
2629,3428,5.07112
2630,3429,101.817
2631,3430,100.343
2632,3431,25.5191
2633,3432,5.05989
2634,3433,102.7
2635,3434,67.234
2636,3435,25.4326
2637,3436,5.05614
2638,3437,89.725
2639,3438,86.67
2640,3439,25.8075
2641,3440,5.10854
2642,3441,5.10854
2643,3442,55.595
2644,3443,25.4038
2645,3444,5.05614
2646,3445,94.45
2647,3446,36.2259
2648,3447,25.5191
2649,3448,5.06737
2650,3449,31.7462
2651,3450,69.494
2652,3451,25.3749
2653,3452,5.04866
2654,3453,99.7
2655,3454,114.242
2656,3455,114.242
2657,3456,5.09357
2658,3457,94.5695
2659,3458,118.649
2660,3459,25.4038
2661,3460,5.04866
2662,3461,100.75
2663,3462,113.79
2664,3463,25.7498
2665,3464,5.09357
2666,3465,83.2008
2667,3466,126.446
2668,3467,25.5768
2669,3468,5.07486
2670,3469,105.4
2671,3470,90.06
2672,3471,25.6056
2673,3472,5.07486
2674,3473,91.35
2675,3474,130.966
2676,3475,25.5191
2677,3476,5.06737
2678,3477,74.08
2679,3478,124.977
2680,3479,25.7787
2681,3480,5.09732
2682,3481,78.675
2683,3482,62.375
2684,3483,25.6922
2685,3484,5.08983
2686,3485,103.09
2687,3486,109.835
2688,3487,25.6633
2689,3488,5.08983
2690,3489,77.4455
2691,3490,128.819
2692,3491,25.4038
2693,3492,5.0524
2694,3493,99.94
2695,3494,113.564
2696,3495,25.3749
2697,3496,5.0524
2698,3497,87.07
2699,3498,83.732
2700,3499,25.7498
2701,3500,5.09357
2702,3501,81.4
2703,3502,70.172
2704,3503,25.3749
2705,3504,5.0524
2706,3505,104.575
2707,3506,96.275
2708,3507,25.7787
2709,3508,5.09357
2710,3509,77.92
2711,3510,103.959
2712,3511,25.3172
2713,3512,5.03743
2714,3513,109.75
2715,3514,93.111
2716,3515,25.3172
2717,3516,5.04117
2718,3517,5.04117
2719,3518,131.87
2720,3519,14.7628
2721,3520,5.09357
2722,3521,104.08
2723,3522,111.078
2724,3523,25.2596
2725,3524,5.03743
2726,3525,87.0378
2727,3526,93.224
2728,3527,25.3172
2729,3528,5.04491
2730,3529,89.74
2731,3530,124.412
2732,3531,25.3749
2733,3532,5.04866
2734,3533,99.3301
2735,3534,89.495
2736,3535,25.2307
2737,3536,5.02994
2738,3537,88.3
2739,3538,71.415
2740,3539,25.6922
2741,3540,5.08609
2742,3541,88.3167
2743,3542,104.072
2744,3543,25.5768
2745,3544,5.07486
2746,3545,82.9
2747,3546,109.383
2748,3547,25.4614
2749,3548,5.0524
2750,3549,101.1
2751,3550,93.111
2752,3551,25.721
2753,3552,5.09357
2754,3553,81.46
2755,3554,113.903
2756,3555,25.5768
2757,3556,5.08234
2758,3557,76.5218
2759,3558,66.104
2760,3559,25.8075
2761,3560,5.1048
2762,3561,90.8036
2763,3562,107.236
2764,3563,25.7787
2765,3564,5.09732
2766,3565,84.0535
2767,3566,79.777
2768,3567,25.5191
2769,3568,5.06363
2770,3569,100.19
2771,3570,40.6833
2772,3571,25.6345
2773,3572,5.08234
2774,3573,81.015
2775,3574,83.619
2776,3575,25.4326
2777,3576,5.05614
2778,3577,106.075
2779,3578,109.044
2780,3579,25.3172
2781,3580,5.04117
2782,3581,80.8
2783,3582,130.514
2784,3583,25.3749
2785,3584,5.04866
2786,3585,92.845
2787,3586,60.454
2788,3587,25.4326
2789,3588,5.05614
2790,3589,90.245
2791,3590,124.412
2792,3591,25.6345
2793,3592,5.0786
2794,3593,98.44
2795,3594,89.834
2796,3595,25.4614
2797,3596,5.05614
2798,3597,80
2799,3598,100
2800,3599,70
2801,3600,20.8156
2802,3601,50
2803,3602,50
2804,3603,50
2805,3604,10
2806,3605,50
2807,3606,90
2808,3607,50
2809,3608,10
2810,3609,90
2811,3610,105
2812,3611,30
2813,3612,20
2814,3613,50
2815,3614,90
2816,3615,50
2817,3616,10
2818,3617,90
2819,3618,105
2820,3619,30
2821,3620,12.1723
2822,3621,90
2823,3622,105
2824,3623,30
2825,3624,20
2826,3625,75
2827,3626,95
2828,3627,40
2829,3628,15
2830,3629,50
2831,3630,90
2832,3631,50
2833,3632,10
2834,3633,90
2835,3634,105
2836,3635,30
2837,3636,20
2838,3637,90
2839,3638,105
2840,3639,30
2841,3640,20
2842,3641,50
2843,3642,90
2844,3643,50
2845,3644,10
2846,3645,50
2847,3646,90
2848,3647,50
2849,3648,10
2850,3649,75
2851,3650,95
2852,3651,40
2853,3652,15
2854,3653,80
2855,3654,100
2856,3655,70
2857,3656,30
2858,3657,75
2859,3658,95
2860,3659,40
2861,3660,15
2862,3661,90
2863,3662,105
2864,3663,30
2865,3664,20
2866,3665,80
2867,3666,100
2868,3667,70
2869,3668,30
2870,3669,90
2871,3670,105
2872,3671,30
2873,3672,20
2874,3673,80
2875,3674,100
2876,3675,70
2877,3676,30
2878,3677,75
2879,3678,95
2880,3679,40
2881,3680,15
2882,3681,75
2883,3682,95
2884,3683,28.605
2885,3684,15
2886,3685,90
2887,3686,105
2888,3687,30
2889,3688,20
2890,3689,80
2891,3690,80
2892,3691,70
2893,3692,30
2894,3693,80
2895,3694,100
2896,3695,70
2897,3696,30
2898,3697,50
2899,3698,90
2900,3699,50
2901,3700,10
2902,3701,80
2903,3702,100
2904,3703,70
2905,3704,30
2906,3705,80
2907,3706,100
2908,3707,17.9374
2909,3708,30
2910,3709,80
2911,3710,100
2912,3711,70
2913,3712,30
2914,3713,80
2915,3714,100
2916,3715,70
2917,3716,30
2918,3717,30
2919,3718,95
2920,3719,40
2921,3720,15
2922,3721,80
2923,3722,100
2924,3723,70
2925,3724,30
2926,3725,90
2927,3726,105
2928,3727,30
2929,3728,20
2930,3729,90
2931,3730,105
2932,3731,30
2933,3732,13.1812
2934,3733,75
2935,3734,95
2936,3735,31.4768
2937,3736,15
2938,3737,50
2939,3738,90
2940,3739,50
2941,3740,10
2942,3741,90
2943,3742,105
2944,3743,30
2945,3744,20
2946,3745,80
2947,3746,100
2948,3747,70
2949,3748,30
2950,3749,80
2951,3750,100
2952,3751,70
2953,3752,30
2954,3753,75
2955,3754,95
2956,3755,40
2957,3756,15
2958,3757,50
2959,3758,90
2960,3759,50
2961,3760,10
2962,3761,50
2963,3762,90
2964,3763,50
2965,3764,10
2966,3765,75
2967,3766,95
2968,3767,40
2969,3768,15
2970,3769,90
2971,3770,105
2972,3771,30
2973,3772,20
2974,3773,75
2975,3774,95
2976,3775,40
2977,3776,15
2978,3777,50
2979,3778,90
2980,3779,50
2981,3780,10
2982,3781,90
2983,3782,105
2984,3783,30
2985,3784,20
2986,3785,50
2987,3786,90
2988,3787,50
2989,3788,10
2990,3789,50
2991,3790,90
2992,3791,50
2993,3792,10
2994,3793,75
2995,3794,95
2996,3795,40
2997,3796,15
2998,3797,59.9548
2999,3798,100
3000,3799,70
3001,3800,30
3002,3801,75
3003,3802,95
3004,3803,40
3005,3804,15
3006,3805,75
3007,3806,95
3008,3807,40
3009,3808,15
3010,3809,75
3011,3810,95
3012,3811,40
3013,3812,15
3014,3813,90
3015,3814,105
3016,3815,30
3017,3816,20
3018,3817,75
3019,3818,95
3020,3819,40
3021,3820,15
3022,3821,80
3023,3822,100
3024,3823,70
3025,3824,30
3026,3825,50
3027,3826,16.3014
3028,3827,50
3029,3828,10
3030,3829,80
3031,3830,100
3032,3831,70
3033,3832,30
3034,3833,75
3035,3834,95
3036,3835,40
3037,3836,40
3038,3837,90
3039,3838,105
3040,3839,30
3041,3840,20
3042,3841,50
3043,3842,90
3044,3843,50
3045,3844,10
3046,3845,80
3047,3846,100
3048,3847,70
3049,3848,30
3050,3849,50
3051,3850,90
3052,3851,50
3053,3852,10
3054,3853,90
3055,3854,105
3056,3855,30
3057,3856,20
3058,3857,90
3059,3858,105
3060,3859,30
3061,3860,20
3062,3861,75
3063,3862,95
3064,3863,40
3065,3864,15
3066,3865,90
3067,3866,105
3068,3867,30
3069,3868,20
3070,3869,50
3071,3870,90
3072,3871,90
3073,3872,10
3074,3873,75
3075,3874,95
3076,3875,40
3077,3876,15
3078,3877,90
3079,3878,105
3080,3879,8.01356
3081,3880,20
3082,3881,90
3083,3882,105
3084,3883,30
3085,3884,20
3086,3885,90
3087,3886,105
3088,3887,30
3089,3888,20
3090,3889,50
3091,3890,90
3092,3891,50
3093,3892,10
3094,3893,68.9567
3095,3894,100
3096,3895,70
3097,3896,30
3098,3897,80
3099,3898,100
3100,3899,70
3101,3900,30
3102,3901,80
3103,3902,100
3104,3903,70
3105,3904,30
3106,3905,80
3107,3906,100
3108,3907,70
3109,3908,30
3110,3909,90
3111,3910,105
3112,3911,30
3113,3912,20
3114,3913,90
3115,3914,105
3116,3915,30
3117,3916,20
3118,3917,80
3119,3918,100
3120,3919,70
3121,3920,30
3122,3921,90
3123,3922,105
3124,3923,30
3125,3924,20
3126,3925,50
3127,3926,90
3128,3927,50
3129,3928,10
3130,3929,80
3131,3930,100
3132,3931,70
3133,3932,30
3134,3933,75
3135,3934,95
3136,3935,40
3137,3936,15
3138,3937,80
3139,3938,100
3140,3939,70
3141,3940,70
3142,3941,50
3143,3942,50
3144,3943,50
3145,3944,10
3146,3945,75
3147,3946,95
3148,3947,40
3149,3948,15
3150,3949,75
3151,3950,95
3152,3951,14.9789
3153,3952,15
3154,3953,50
3155,3954,90
3156,3955,90
3157,3956,10
3158,3957,50
3159,3958,90
3160,3959,50
3161,3960,10
3162,3961,50
3163,3962,50
3164,3963,50
3165,3964,10
3166,3965,80
3167,3966,100
3168,3967,70
3169,3968,25.9927
3170,3969,50
3171,3970,90
3172,3971,50
3173,3972,10
3174,3973,50
3175,3974,90
3176,3975,50
3177,3976,10
3178,3977,80
3179,3978,100
3180,3979,70
3181,3980,30
3182,3981,50
3183,3982,90
3184,3983,50
3185,3984,10
3186,3985,75
3187,3986,95
3188,3987,40
3189,3988,15
3190,3989,90
3191,3990,105
3192,3991,30
3193,3992,20
3194,3993,75
3195,3994,95
3196,3995,40
3197,3996,15
3197,3197,98.575
3198,3198,89.608
3199,3199,25.4326
3200,3200,5.0524
3201,3201,125.5
3202,3202,77.291
3203,3203,25.5768
3204,3204,5.0786
3205,3205,94.72
3206,3206,118.197
3207,3207,25.6633
3208,3208,5.08234
3209,3209,109.988
3210,3210,76.387
3211,3211,25.6922
3212,3212,5.08983
3213,3213,106.87
3214,3214,105.541
3215,3215,25.5768
3216,3216,5.0786
3217,3217,80.8
3218,3218,96.501
3219,3219,25.3749
3220,3220,5.04491
3221,3221,109.42
3222,3222,84.523
3223,3223,25.7787
3224,3224,5.10106
3225,3225,5.10106
3226,3226,116.502
3227,3227,25.721
3228,3228,5.09357
3229,3229,94.63
3230,3230,78.647
3231,3231,25.6345
3232,3232,5.0786
3233,3233,86.86
3234,3234,96.275
3235,3235,22.0006
3236,3236,5.09732
3237,3237,103.18
3238,3238,127.011
3239,3239,25.4903
3240,3240,5.06363
3241,3241,70.06
3242,3242,107.123
3243,3243,25.2884
3244,3244,5.03369
3245,3245,94.72
3246,3246,64.635
3247,3247,25.3749
3248,3248,5.04491
3249,3249,106.825
3250,3250,102.829
3251,3251,25.2884
3252,3252,5.03743
3253,3253,97.48
3254,3254,131.531
3255,3255,131.531
3256,3256,5.04117
3257,3257,83.615
3258,3258,128.367
3259,3259,25.4038
3260,3260,5.05614
3261,3261,95.26
3262,3262,66.217
3263,3263,25.7498
3264,3264,5.09732
3265,3265,104.425
3266,3266,62.601
3267,3267,25.8075
3268,3268,5.10106
3269,3269,79.5771
3270,3270,121.248
3271,3271,25.5191
3272,3272,5.07112
3273,3273,86.98
3274,3274,63.957
3275,3275,25.6345
3276,3276,25.6345
3277,3277,83.414
3278,3278,117.293
3279,3279,25.2884
3280,3280,2.50573
3281,3281,85.675
3282,3282,66.217
3283,3283,25.2596
3284,3284,5.04117
3285,3285,95.35
3286,3286,128.932
3287,3287,25.6922
3288,3288,5.08983
3289,3289,78.7955
3290,3290,60.115
3291,3291,60.115
3292,3292,5.05989
3293,3293,119.92
3294,3294,107.349
3295,3295,25.7498
3296,3296,5.09732
3297,3297,76.92
3298,3298,62.601
3299,3299,25.548
3300,3300,4.28211
3301,3301,82.705
3302,3302,112.547
3303,3303,25.3172
3304,3304,5.04117
3305,3305,89.38
3306,3306,108.818
3307,3307,25.2884
3308,3308,5.02994
3309,3309,70.12
3310,3310,84.636
3311,3311,25.6633
3312,3312,0.588872
3313,3313,128.47
3314,3314,109.722
3315,3315,25.7498
3316,3316,5.10106
3317,3317,91.12
3318,3318,91.12
3319,3319,25.5768
3320,3320,1.6125
3321,3321,100.57
3322,3322,84.636
3323,3323,25.5191
3324,3324,5.06363
3325,3325,95.5
3326,3326,105.654
3327,3327,25.2596
3328,3328,5.02994
3329,3329,84.46
3330,3330,98.083
3331,3331,25.4903
3332,3332,5.06737
3333,3333,111.46
3334,3334,73.449
3335,3335,25.6056
3336,3336,5.08234
3337,3337,113.89
3338,3338,114.92
3339,3339,25.4903
3340,3340,5.06737
3341,3341,115.78
3342,3342,64.861
3343,3343,25.4326
3344,3344,4.53599
3345,3345,96.82
3346,3346,65.878
3347,3347,5.49324
3348,3348,5.1048
3349,3349,78.155
3350,3350,76.952
3351,3351,25.6345
3352,3352,5.07486
3353,3353,98.5485
3354,3354,116.954
3355,3355,25.4614
3356,3356,5.05989
3357,3357,100.6
3358,3358,87.009
3359,3359,12.8889
3360,3360,5.10106
3361,3361,94.075
3362,3362,108.14
3363,3363,25.3749
3364,3364,5.0524
3365,3365,96.325
3366,3366,103.507
3367,3367,25.2884
3368,3368,5.03743
3369,3369,87.7483
3370,3370,118.875
3371,3371,25.7498
3372,3372,5.1048
3373,3373,79.0797
3374,3374,93.563
3375,3375,25.6633
3376,3376,5.08609
3377,3377,104.155
3378,3378,74.127
3379,3379,25.4326
3380,3380,5.05614
3381,3381,76.78
3382,3382,88.704
3383,3383,25.3749
3384,3384,5.0524
3385,3385,9.95199
3386,3386,101.586
3387,3387,25.3749
3388,3388,5.04866
3389,3389,86.02
3390,3390,118.762
3391,3391,25.721
3392,3392,5.08983
3393,3393,5.08983
3394,3394,61.584
3395,3395,25.5768
3396,3396,5.0786
3397,3397,93.4
3398,3398,93.4
3399,3399,25.5191
3400,3400,5.07112
3401,3401,75.82
3402,3402,67.686
3403,3403,25.7498
3404,3404,5.09732
3405,3405,80.56
3406,3406,69.268
3407,3407,25.3172
3408,3408,5.03743
3409,3409,89.3115
3410,3410,131.192
3411,3411,25.548
3412,3412,5.07112
3413,3413,105.025
3414,3414,131.983
3415,3415,25.2884
3416,3416,25.2884
3417,3417,77.2
3418,3418,94.919
3419,3419,25.3172
3420,3420,5.04117
3421,3421,93.55
3422,3422,74.692
3423,3423,25.721
3424,3424,5.09357
3425,3425,96.9143
3426,3426,128.706
3427,3427,128.706
3428,3428,5.07112
3429,3429,101.817
3430,3430,100.343
3431,3431,25.5191
3432,3432,5.05989
3433,3433,102.7
3434,3434,67.234
3435,3435,67.234
3436,3436,5.05614
3437,3437,89.725
3438,3438,56.6043
3439,3439,25.8075
3440,3440,5.10854
3441,3441,73.42
3442,3442,55.595
3443,3443,10.4142
3444,3444,5.05614
3445,3445,94.45
3446,3446,91.19
3447,3447,91.19
3448,3448,5.06737
3449,3449,125.5
3450,3450,69.494
3451,3451,25.3749
3452,3452,5.04866
3453,3453,79.8486
3454,3454,114.242
3455,3455,25.6922
3456,3456,5.09357
3457,3457,94.5695
3458,3458,118.649
3459,3459,25.4038
3460,3460,5.04866
3461,3461,100.75
3462,3462,39.8741
3463,3463,25.7498
3464,3464,5.09357
3465,3465,83.2008
3466,3466,126.446
3467,3467,25.5768
3468,3468,5.07486
3469,3469,105.4
3470,3470,90.06
3471,3471,25.6056
3472,3472,5.07486
3473,3473,91.35
3474,3474,130.966
3475,3475,25.5191
3476,3476,5.06737
3477,3477,74.08
3478,3478,124.977
3479,3479,25.7787
3480,3480,5.09732
3481,3481,78.675
3482,3482,62.375
3483,3483,25.6922
3484,3484,5.08983
3485,3485,103.09
3486,3486,109.835
3487,3487,109.835
3488,3488,5.08983
3489,3489,77.4455
3490,3490,41.457
3491,3491,25.4038
3492,3492,5.0524
3493,3493,99.94
3494,3494,113.564
3495,3495,25.3749
3496,3496,5.0524
3497,3497,87.07
3498,3498,83.732
3499,3499,25.7498
3500,3500,5.09357
3501,3501,81.4
3502,3502,51.6828
3503,3503,25.3749
3504,3504,5.0524
3505,3505,104.575
3506,3506,96.275
3507,3507,25.7787
3508,3508,5.09357
3509,3509,77.92
3510,3510,103.959
3511,3511,25.3172
3512,3512,5.03743
3513,3513,109.75
3514,3514,93.111
3515,3515,25.3172
3516,3516,5.04117
3517,3517,98.65
3518,3518,131.87
3519,3519,25.721
3520,3520,5.09357
3521,3521,104.08
3522,3522,111.078
3523,3523,25.2596
3524,3524,5.03743
3525,3525,87.0378
3526,3526,93.224
3527,3527,25.3172
3528,3528,5.04491
3529,3529,89.74
3530,3530,124.412
3531,3531,25.3749
3532,3532,5.04866
3533,3533,99.3301
3534,3534,89.495
3535,3535,25.2307
3536,3536,5.02994
3537,3537,88.3
3538,3538,71.415
3539,3539,25.6922
3540,3540,5.08609
3541,3541,88.3167
3542,3542,104.072
3543,3543,25.5768
3544,3544,5.07486
3545,3545,82.9
3546,3546,109.383
3547,3547,25.4614
3548,3548,5.0524
3549,3549,101.1
3550,3550,93.111
3551,3551,25.721
3552,3552,5.09357
3553,3553,81.46
3554,3554,113.903
3555,3555,25.5768
3556,3556,5.08234
3557,3557,76.5218
3558,3558,66.104
3559,3559,25.8075
3560,3560,5.1048
3561,3561,90.8036
3562,3562,107.236
3563,3563,25.7787
3564,3564,5.09732
3565,3565,84.0535
3566,3566,79.777
3567,3567,25.5191
3568,3568,5.06363
3569,3569,100.19
3570,3570,65.426
3571,3571,25.6345
3572,3572,5.08234
3573,3573,81.015
3574,3574,83.619
3575,3575,25.4326
3576,3576,5.05614
3577,3577,106.075
3578,3578,109.044
3579,3579,25.3172
3580,3580,5.04117
3581,3581,80.8
3582,3582,130.514
3583,3583,25.3749
3584,3584,5.04866
3585,3585,92.845
3586,3586,60.454
3587,3587,25.4326
3588,3588,5.05614
3589,3589,90.245
3590,3590,124.412
3591,3591,25.6345
3592,3592,5.0786
3593,3593,98.44
3594,3594,89.834
3595,3595,25.4614
3596,3596,25.4614
3597,3597,80
3598,3598,100
3599,3599,70
3600,3600,30
3601,3601,50
3602,3602,90
3603,3603,50
3604,3604,10
3605,3605,50
3606,3606,90
3607,3607,50
3608,3608,10
3609,3609,90
3610,3610,105
3611,3611,30
3612,3612,20
3613,3613,50
3614,3614,90
3615,3615,50
3616,3616,10
3617,3617,90
3618,3618,105
3619,3619,30
3620,3620,20
3621,3621,90
3622,3622,105
3623,3623,30
3624,3624,20
3625,3625,75
3626,3626,95
3627,3627,40
3628,3628,15
3629,3629,50
3630,3630,90
3631,3631,50
3632,3632,10
3633,3633,90
3634,3634,105
3635,3635,30
3636,3636,30
3637,3637,90
3638,3638,105
3639,3639,30
3640,3640,20
3641,3641,50
3642,3642,90
3643,3643,90
3644,3644,10
3645,3645,50
3646,3646,90
3647,3647,50
3648,3648,10
3649,3649,75
3650,3650,95
3651,3651,40
3652,3652,15
3653,3653,80
3654,3654,100
3655,3655,70
3656,3656,30
3657,3657,75
3658,3658,95
3659,3659,40
3660,3660,15
3661,3661,90
3662,3662,105
3663,3663,30
3664,3664,20
3665,3665,80
3666,3666,100
3667,3667,70
3668,3668,30
3669,3669,90
3670,3670,105
3671,3671,30
3672,3672,20
3673,3673,20
3674,3674,100
3675,3675,70
3676,3676,30
3677,3677,75
3678,3678,95
3679,3679,40
3680,3680,15
3681,3681,75
3682,3682,95
3683,3683,40
3684,3684,15
3685,3685,90
3686,3686,105
3687,3687,30
3688,3688,20
3689,3689,80
3690,3690,100
3691,3691,100
3692,3692,30
3693,3693,80
3694,3694,100
3695,3695,100
3696,3696,30
3697,3697,50
3698,3698,90
3699,3699,50
3700,3700,10
3701,3701,80
3702,3702,100
3703,3703,70
3704,3704,70
3705,3705,80
3706,3706,100
3707,3707,70
3708,3708,30
3709,3709,80
3710,3710,100
3711,3711,70
3712,3712,30
3713,3713,80
3714,3714,100
3715,3715,70
3716,3716,30
3717,3717,75
3718,3718,95
3719,3719,40
3720,3720,15
3721,3721,80
3722,3722,100
3723,3723,70
3724,3724,30
3725,3725,90
3726,3726,105
3727,3727,30
3728,3728,9.55255
3729,3729,90
3730,3730,105
3731,3731,30
3732,3732,20
3733,3733,75
3734,3734,38.9296
3735,3735,40
3736,3736,15
3737,3737,50
3738,3738,90
3739,3739,50
3740,3740,10
3741,3741,90
3742,3742,90
3743,3743,30
3744,3744,20
3745,3745,80
3746,3746,100
3747,3747,70
3748,3748,30
3749,3749,80
3750,3750,100
3751,3751,70
3752,3752,30
3753,3753,75
3754,3754,95
3755,3755,40
3756,3756,15
3757,3757,50
3758,3758,90
3759,3759,50
3760,3760,1.95911
3761,3761,50
3762,3762,90
3763,3763,50
3764,3764,10
3765,3765,75
3766,3766,95
3767,3767,40
3768,3768,15
3769,3769,90
3770,3770,105
3771,3771,30
3772,3772,20
3773,3773,75
3774,3774,95
3775,3775,40
3776,3776,15
3777,3777,50
3778,3778,90
3779,3779,50
3780,3780,10
3781,3781,90
3782,3782,105
3783,3783,105
3784,3784,20
3785,3785,50
3786,3786,90
3787,3787,50
3788,3788,10
3789,3789,50
3790,3790,90
3791,3791,50
3792,3792,10
3793,3793,75
3794,3794,95
3795,3795,40
3796,3796,15
3797,3797,80
3798,3798,100
3799,3799,70
3800,3800,30
3801,3801,75
3802,3802,95
3803,3803,40
3804,3804,15
3805,3805,75
3806,3806,95
3807,3807,95
3808,3808,15
3809,3809,75
3810,3810,95
3811,3811,40
3812,3812,15
3813,3813,90
3814,3814,105
3815,3815,30
3816,3816,20
3817,3817,75
3818,3818,95
3819,3819,40
3820,3820,15
3821,3821,80
3822,3822,100
3823,3823,70
3824,3824,30
3825,3825,50
3826,3826,90
3827,3827,50
3828,3828,10
3829,3829,80
3830,3830,100
3831,3831,70
3832,3832,30
3833,3833,75
3834,3834,95
3835,3835,40
3836,3836,15
3837,3837,90
3838,3838,105
3839,3839,30
3840,3840,20
3841,3841,50
3842,3842,90
3843,3843,50
3844,3844,7.89241
3845,3845,80
3846,3846,100
3847,3847,70
3848,3848,30
3849,3849,50
3850,3850,90
3851,3851,50
3852,3852,10
3853,3853,90
3854,3854,105
3855,3855,30
3856,3856,20
3857,3857,90
3858,3858,105
3859,3859,30
3860,3860,20
3861,3861,75
3862,3862,95
3863,3863,40
3864,3864,15
3865,3865,90
3866,3866,105
3867,3867,30
3868,3868,20
3869,3869,50
3870,3870,90
3871,3871,50
3872,3872,3.55742
3873,3873,75
3874,3874,95
3875,3875,40
3876,3876,15
3877,3877,90
3878,3878,105
3879,3879,30
3880,3880,20
3881,3881,90
3882,3882,105
3883,3883,30
3884,3884,20
3885,3885,90
3886,3886,105
3887,3887,30
3888,3888,20
3889,3889,50
3890,3890,90
3891,3891,50
3892,3892,10
3893,3893,80
3894,3894,100
3895,3895,70
3896,3896,30
3897,3897,80
3898,3898,100
3899,3899,70
3900,3900,30
3901,3901,30
3902,3902,100
3903,3903,70
3904,3904,70
3905,3905,80
3906,3906,100
3907,3907,70
3908,3908,30
3909,3909,74.7451
3910,3910,105
3911,3911,30
3912,3912,20
3913,3913,90
3914,3914,105
3915,3915,30
3916,3916,20
3917,3917,80
3918,3918,100
3919,3919,70
3920,3920,30
3921,3921,90
3922,3922,105
3923,3923,30
3924,3924,20
3925,3925,50
3926,3926,90
3927,3927,50
3928,3928,10
3929,3929,80
3930,3930,100
3931,3931,70
3932,3932,30
3933,3933,75
3934,3934,95
3935,3935,40
3936,3936,15
3937,3937,80
3938,3938,100
3939,3939,70
3940,3940,30
3941,3941,50
3942,3942,90
3943,3943,50
3944,3944,10
3945,3945,75
3946,3946,95
3947,3947,40
3948,3948,15
3949,3949,75
3950,3950,95
3951,3951,40
3952,3952,15
3953,3953,50
3954,3954,90
3955,3955,50
3956,3956,10
3957,3957,50
3958,3958,90
3959,3959,50
3960,3960,10
3961,3961,50
3962,3962,90
3963,3963,50
3964,3964,10
3965,3965,80
3966,3966,100
3967,3967,70
3968,3968,30
3969,3969,50
3970,3970,90
3971,3971,50
3972,3972,10
3973,3973,50
3974,3974,90
3975,3975,90
3976,3976,10
3977,3977,59.143
3978,3978,100
3979,3979,70
3980,3980,30
3981,3981,50
3982,3982,90
3983,3983,50
3984,3984,10
3985,3985,75
3986,3986,95
3987,3987,40
3988,3988,15
3989,3989,90
3990,3990,105
3991,3991,30
3992,3992,20
3993,3993,75
3994,3994,95
3995,3995,40
3996,3996,15
3996,3197,98.575
3997,3198,89.608
3998,3199,25.4326
3999,3200,5.0524
4000,3201,125.5
4001,3202,77.291
4002,3203,25.5768
4003,3204,5.0786
4004,3205,94.72
4005,3206,118.197
4006,3207,25.6633
4007,3208,5.08234
4008,3209,109.988
4009,3210,76.387
4010,3211,25.6922
4011,3212,5.08983
4012,3213,106.87
4013,3214,106.87
4014,3215,25.5768
4015,3216,5.0786
4016,3217,80.8
4017,3218,96.501
4018,3219,25.3749
4019,3220,5.04491
4020,3221,109.42
4021,3222,84.523
4022,3223,25.7787
4023,3224,5.10106
4024,3225,98.8327
4025,3226,116.502
4026,3227,25.721
4027,3228,5.09357
4028,3229,94.63
4029,3230,78.647
4030,3231,25.6345
4031,3232,5.0786
4032,3233,86.86
4033,3234,96.275
4034,3235,25.6922
4035,3236,5.09732
4036,3237,103.18
4037,3238,127.011
4038,3239,25.4903
4039,3240,5.06363
4040,3241,70.06
4041,3242,107.123
4042,3243,25.2884
4043,3244,5.03369
4044,3245,94.72
4045,3246,64.635
4046,3247,25.3749
4047,3248,5.04491
4048,3249,106.825
4049,3250,102.829
4050,3251,25.2884
4051,3252,5.03743
4052,3253,5.03743
4053,3254,131.531
4054,3255,25.2596
4055,3256,5.04117
4056,3257,83.615
4057,3258,128.367
4058,3259,25.4038
4059,3260,5.05614
4060,3261,95.26
4061,3262,59.5757
4062,3263,25.7498
4063,3264,5.09732
4064,3265,104.425
4065,3266,62.601
4066,3267,25.8075
4067,3268,5.10106
4068,3269,79.5771
4069,3270,121.248
4070,3271,25.5191
4071,3272,5.07112
4072,3273,86.98
4073,3274,63.957
4074,3275,25.6345
4075,3276,5.08234
4076,3277,83.414
4077,3278,117.293
4078,3279,25.2884
4079,3280,5.03369
4080,3281,85.675
4081,3282,66.217
4082,3283,25.2596
4083,3284,5.04117
4084,3285,95.35
4085,3286,128.932
4086,3287,25.6922
4087,3288,5.08983
4088,3289,78.7955
4089,3290,60.115
4090,3291,25.4614
4091,3292,5.05989
4092,3293,119.92
4093,3294,107.349
4094,3295,25.7498
4095,3296,5.09732
4096,3297,76.92
4097,3298,62.601
4098,3299,25.548
4099,3300,25.548
4100,3301,82.705
4101,3302,112.547
4102,3303,25.3172
4103,3304,5.04117
4104,3305,89.38
4105,3306,108.818
4106,3307,25.2884
4107,3308,5.02994
4108,3309,70.12
4109,3310,84.636
4110,3311,25.6633
4111,3312,5.08983
4112,3313,128.47
4113,3314,109.722
4114,3315,25.7498
4115,3316,5.10106
4116,3317,91.12
4117,3318,89.043
4118,3319,25.5768
4119,3320,5.0786
4120,3321,100.57
4121,3322,84.636
4122,3323,25.5191
4123,3324,5.06363
4124,3325,95.5
4125,3326,105.654
4126,3327,25.2596
4127,3328,5.02994
4128,3329,84.46
4129,3330,98.083
4130,3331,25.4903
4131,3332,5.06737
4132,3333,111.46
4133,3334,73.449
4134,3335,25.6056
4135,3336,5.08234
4136,3337,113.89
4137,3338,114.92
4138,3339,25.4903
4139,3340,5.06737
4140,3341,115.78
4141,3342,64.861
4142,3343,25.4326
4143,3344,5.05614
4144,3345,96.82
4145,3346,65.878
4146,3347,25.8075
4147,3348,5.1048
4148,3349,78.155
4149,3350,76.952
4150,3351,25.6345
4151,3352,5.07486
4152,3353,98.5485
4153,3354,28.273
4154,3355,25.4614
4155,3356,5.05989
4156,3357,100.6
4157,3358,87.009
4158,3359,25.7787
4159,3360,5.10106
4160,3361,94.075
4161,3362,108.14
4162,3363,25.3749
4163,3364,5.0524
4164,3365,96.325
4165,3366,103.507
4166,3367,25.2884
4167,3368,5.03743
4168,3369,87.7483
4169,3370,118.875
4170,3371,25.7498
4171,3372,5.1048
4172,3373,79.0797
4173,3374,93.563
4174,3375,25.6633
4175,3376,5.08609
4176,3377,104.155
4177,3378,74.127
4178,3379,25.4326
4179,3380,5.05614
4180,3381,76.78
4181,3382,88.704
4182,3383,25.3749
4183,3384,5.0524
4184,3385,72.82
4185,3386,101.586
4186,3387,101.586
4187,3388,5.04866
4188,3389,86.02
4189,3390,118.762
4190,3391,25.721
4191,3392,5.08983
4192,3393,97.84
4193,3394,61.584
4194,3395,25.5768
4195,3396,5.0786
4196,3397,93.4
4197,3398,105.541
4198,3399,25.5191
4199,3400,5.07112
4200,3401,75.82
4201,3402,67.686
4202,3403,25.7498
4203,3404,5.09732
4204,3405,80.56
4205,3406,69.268
4206,3407,25.3172
4207,3408,5.03743
4208,3409,89.3115
4209,3410,131.192
4210,3411,25.548
4211,3412,5.07112
4212,3413,105.025
4213,3414,131.983
4214,3415,25.2884
4215,3416,5.03743
4216,3417,77.2
4217,3418,94.919
4218,3419,25.3172
4219,3420,5.04117
4220,3421,93.55
4221,3422,74.692
4222,3423,25.721
4223,3424,25.721
4224,3425,96.9143
4225,3426,128.706
4226,3427,25.5191
4227,3428,5.07112
4228,3429,101.817
4229,3430,100.343
4230,3431,25.5191
4231,3432,5.05989
4232,3433,102.7
4233,3434,67.234
4234,3435,25.4326
4235,3436,5.05614
4236,3437,89.725
4237,3438,86.67
4238,3439,25.8075
4239,3440,5.10854
4240,3441,34.1199
4241,3442,55.595
4242,3443,25.4038
4243,3444,5.05614
4244,3445,94.45
4245,3446,94.45
4246,3447,25.5191
4247,3448,5.06737
4248,3449,15.6387
4249,3450,69.494
4250,3451,25.3749
4251,3452,0.617527
4252,3453,99.7
4253,3454,114.242
4254,3455,25.6922
4255,3456,5.09357
4256,3457,94.5695
4257,3458,118.649
4258,3459,25.4038
4259,3460,5.04866
4260,3461,100.75
4261,3462,113.79
4262,3463,25.7498
4263,3464,5.09357
4264,3465,83.2008
4265,3466,126.446
4266,3467,25.5768
4267,3468,5.07486
4268,3469,105.4
4269,3470,90.06
4270,3471,25.6056
4271,3472,5.07486
4272,3473,91.35
4273,3474,130.966
4274,3475,25.5191
4275,3476,5.06737
4276,3477,74.08
4277,3478,124.977
4278,3479,25.7787
4279,3480,5.09732
4280,3481,78.675
4281,3482,62.375
4282,3483,25.6922
4283,3484,5.08983
4284,3485,103.09
4285,3486,109.835
4286,3487,25.6633
4287,3488,5.08983
4288,3489,77.4455
4289,3490,128.819
4290,3491,25.4038
4291,3492,5.0524
4292,3493,99.94
4293,3494,113.564
4294,3495,25.3749
4295,3496,5.0524
4296,3497,87.07
4297,3498,83.732
4298,3499,25.7498
4299,3500,5.09357
4300,3501,81.4
4301,3502,70.172
4302,3503,25.3749
4303,3504,5.0524
4304,3505,104.575
4305,3506,96.275
4306,3507,25.7787
4307,3508,5.09357
4308,3509,77.92
4309,3510,103.959
4310,3511,25.3172
4311,3512,5.03743
4312,3513,109.75
4313,3514,93.111
4314,3515,25.3172
4315,3516,5.04117
4316,3517,98.65
4317,3518,131.87
4318,3519,25.721
4319,3520,5.09357
4320,3521,104.08
4321,3522,111.078
4322,3523,25.2596
4323,3524,5.03743
4324,3525,87.0378
4325,3526,93.224
4326,3527,25.3172
4327,3528,25.3172
4328,3529,89.74
4329,3530,124.412
4330,3531,25.3749
4331,3532,5.04866
4332,3533,99.3301
4333,3534,89.495
4334,3535,10.8775
4335,3536,5.02994
4336,3537,88.3
4337,3538,71.415
4338,3539,25.6922
4339,3540,5.08609
4340,3541,88.3167
4341,3542,104.072
4342,3543,25.5768
4343,3544,5.07486
4344,3545,82.9
4345,3546,109.383
4346,3547,25.4614
4347,3548,5.0524
4348,3549,101.1
4349,3550,93.111
4350,3551,25.721
4351,3552,5.09357
4352,3553,81.46
4353,3554,113.903
4354,3555,25.5768
4355,3556,5.08234
4356,3557,76.5218
4357,3558,66.104
4358,3559,25.8075
4359,3560,5.1048
4360,3561,90.8036
4361,3562,107.236
4362,3563,25.7787
4363,3564,5.09732
4364,3565,84.0535
4365,3566,79.777
4366,3567,25.5191
4367,3568,5.06363
4368,3569,100.19
4369,3570,65.426
4370,3571,25.6345
4371,3572,5.08234
4372,3573,81.015
4373,3574,83.619
4374,3575,25.4326
4375,3576,5.05614
4376,3577,106.075
4377,3578,109.044
4378,3579,25.3172
4379,3580,5.04117
4380,3581,80.8
4381,3582,130.514
4382,3583,25.3749
4383,3584,25.3749
4384,3585,92.845
4385,3586,60.454
4386,3587,25.4326
4387,3588,5.05614
4388,3589,90.245
4389,3590,124.412
4390,3591,25.6345
4391,3592,5.0786
4392,3593,98.44
4393,3594,89.834
4394,3595,25.4614
4395,3596,5.05614
4396,3597,80
4397,3598,100
4398,3599,70
4399,3600,30
4400,3601,50
4401,3602,90
4402,3603,50
4403,3604,10
4404,3605,50
4405,3606,90
4406,3607,50
4407,3608,10
4408,3609,90
4409,3610,105
4410,3611,30
4411,3612,20
4412,3613,50
4413,3614,50
4414,3615,50
4415,3616,10
4416,3617,90
4417,3618,105
4418,3619,30
4419,3620,20
4420,3621,90
4421,3622,105
4422,3623,30
4423,3624,20
4424,3625,75
4425,3626,95
4426,3627,40
4427,3628,15
4428,3629,50
4429,3630,90
4430,3631,50
4431,3632,10
4432,3633,90
4433,3634,105
4434,3635,30
4435,3636,20
4436,3637,90
4437,3638,105
4438,3639,30
4439,3640,20
4440,3641,50
4441,3642,90
4442,3643,50
4443,3644,10
4444,3645,50
4445,3646,90
4446,3647,50
4447,3648,10
4448,3649,75
4449,3650,95
4450,3651,40
4451,3652,15
4452,3653,80
4453,3654,100
4454,3655,70
4455,3656,30
4456,3657,75
4457,3658,95
4458,3659,40
4459,3660,15
4460,3661,90
4461,3662,105
4462,3663,30
4463,3664,20
4464,3665,80
4465,3666,100
4466,3667,70
4467,3668,30
4468,3669,90
4469,3670,105
4470,3671,30
4471,3672,20
4472,3673,80
4473,3674,100
4474,3675,70
4475,3676,30
4476,3677,75
4477,3678,95
4478,3679,40
4479,3680,15
4480,3681,75
4481,3682,95
4482,3683,40
4483,3684,15
4484,3685,15
4485,3686,105
4486,3687,30
4487,3688,20
4488,3689,80
4489,3690,80
4490,3691,70
4491,3692,30
4492,3693,54.0046
4493,3694,100
4494,3695,70
4495,3696,30
4496,3697,50
4497,3698,90
4498,3699,50
4499,3700,10
4500,3701,80
4501,3702,100
4502,3703,70
4503,3704,30
4504,3705,80
4505,3706,100
4506,3707,100
4507,3708,30
4508,3709,80
4509,3710,100
4510,3711,70
4511,3712,30
4512,3713,80
4513,3714,100
4514,3715,70
4515,3716,30
4516,3717,75
4517,3718,95
4518,3719,40
4519,3720,15
4520,3721,80
4521,3722,100
4522,3723,70
4523,3724,30
4524,3725,90
4525,3726,105
4526,3727,30
4527,3728,20
4528,3729,90
4529,3730,105
4530,3731,30
4531,3732,20
4532,3733,75
4533,3734,95
4534,3735,40
4535,3736,15
4536,3737,15
4537,3738,90
4538,3739,50
4539,3740,10
4540,3741,90
4541,3742,105
4542,3743,30
4543,3744,20
4544,3745,80
4545,3746,100
4546,3747,70
4547,3748,30
4548,3749,80
4549,3750,100
4550,3751,70
4551,3752,30
4552,3753,75
4553,3754,95
4554,3755,40
4555,3756,15
4556,3757,50
4557,3758,90
4558,3759,50
4559,3760,10
4560,3761,50
4561,3762,90
4562,3763,50
4563,3764,10
4564,3765,37.2725
4565,3766,95
4566,3767,40
4567,3768,15
4568,3769,90
4569,3770,105
4570,3771,30
4571,3772,20
4572,3773,75
4573,3774,95
4574,3775,95
4575,3776,15
4576,3777,50
4577,3778,90
4578,3779,50
4579,3780,10
4580,3781,90
4581,3782,105
4582,3783,30
4583,3784,20
4584,3785,50
4585,3786,50
4586,3787,50
4587,3788,10
4588,3789,50
4589,3790,90
4590,3791,50
4591,3792,10
4592,3793,75
4593,3794,95
4594,3795,40
4595,3796,15
4596,3797,15
4597,3798,100
4598,3799,100
4599,3800,30
4600,3801,75
4601,3802,75
4602,3803,40
4603,3804,15
4604,3805,75
4605,3806,75
4606,3807,75
4607,3808,15
4608,3809,75
4609,3810,95
4610,3811,40
4611,3812,15
4612,3813,90
4613,3814,105
4614,3815,30
4615,3816,20
4616,3817,75
4617,3818,95
4618,3819,40
4619,3820,15
4620,3821,80
4621,3822,100
4622,3823,70
4623,3824,30
4624,3825,50
4625,3826,90
4626,3827,50
4627,3828,10
4628,3829,80
4629,3830,100
4630,3831,70
4631,3832,8.888
4632,3833,75
4633,3834,95
4634,3835,40
4635,3836,15
4636,3837,90
4637,3838,105
4638,3839,30
4639,3840,20
4640,3841,50
4641,3842,90
4642,3843,50
4643,3844,10
4644,3845,48.9631
4645,3846,100
4646,3847,70
4647,3848,30
4648,3849,50
4649,3850,90
4650,3851,50
4651,3852,10
4652,3853,90
4653,3854,105
4654,3855,30
4655,3856,20
4656,3857,90
4657,3858,105
4658,3859,30
4659,3860,20
4660,3861,75
4661,3862,95
4662,3863,40
4663,3864,15
4664,3865,90
4665,3866,105
4666,3867,30
4667,3868,20
4668,3869,50
4669,3870,90
4670,3871,50
4671,3872,10
4672,3873,75
4673,3874,95
4674,3875,40
4675,3876,15
4676,3877,90
4677,3878,105
4678,3879,30
4679,3880,20
4680,3881,90
4681,3882,90
4682,3883,30
4683,3884,20
4684,3885,90
4685,3886,105
4686,3887,30
4687,3888,20
4688,3889,50
4689,3890,90
4690,3891,50
4691,3892,50
4692,3893,80
4693,3894,100
4694,3895,70
4695,3896,30
4696,3897,80
4697,3898,100
4698,3899,70
4699,3900,30
4700,3901,80
4701,3902,100
4702,3903,70
4703,3904,30
4704,3905,80
4705,3906,100
4706,3907,70
4707,3908,30
4708,3909,90
4709,3910,105
4710,3911,30
4711,3912,20
4712,3913,90
4713,3914,29.249
4714,3915,29.249
4715,3916,20
4716,3917,80
4717,3918,100
4718,3919,70
4719,3920,30
4720,3921,90
4721,3922,105
4722,3923,30
4723,3924,20
4724,3925,50
4725,3926,90
4726,3927,50
4727,3928,10
4728,3929,80
4729,3930,100
4730,3931,70
4731,3932,30
4732,3933,75
4733,3934,95
4734,3935,40
4735,3936,15
4736,3937,80
4737,3938,100
4738,3939,70
4739,3940,30
4740,3941,50
4741,3942,90
4742,3943,50
4743,3944,10
4744,3945,75
4745,3946,95
4746,3947,40
4747,3948,15
4748,3949,75
4749,3950,95
4750,3951,40
4751,3952,15
4752,3953,50
4753,3954,90
4754,3955,50
4755,3956,10
4756,3957,50
4757,3958,90
4758,3959,50
4759,3960,10
4760,3961,50
4761,3962,90
4762,3963,50
4763,3964,10
4764,3965,80
4765,3966,100
4766,3967,70
4767,3968,30
4768,3969,50
4769,3970,90
4770,3971,50
4771,3972,50
4772,3973,50
4773,3974,90
4774,3975,50
4775,3976,10
4776,3977,80
4777,3978,100
4778,3979,70
4779,3980,30
4780,3981,50
4781,3982,90
4782,3983,50
4783,3984,10
4784,3985,75
4785,3986,95
4786,3987,40
4787,3988,40
4788,3989,90
4789,3990,105
4790,3991,105
4791,3992,20
4792,3993,75
4793,3994,95
4794,3995,40
4795,3996,15
4795,3996,98.5
4796,3997,89.495
4797,3998,25.4038
4798,3999,5.04866
4799,4000,125.5
4800,4001,77.178
4801,4002,2.79488
4802,4003,5.07486
4803,4004,94.63
4804,4005,118.197
4805,4006,25.6633
4806,4007,5.08234
4807,4008,91.7115
4808,4009,76.274
4809,4010,25.6633
4810,4011,5.08983
4811,4012,106.87
4812,4013,105.541
4813,4014,25.5768
4814,4015,5.07486
4815,4016,80.8
4816,4017,69.0891
4817,4018,25.3461
4818,4019,5.04491
4819,4020,109.42
4820,4021,84.523
4821,4022,25.7498
4822,4023,5.09732
4823,4024,98.8327
4824,4025,116.389
4825,4026,25.721
4826,4027,5.08983
4827,4028,94.54
4828,4029,78.647
4829,4030,25.6345
4830,4031,5.07486
4831,4032,5.07486
4832,4033,96.275
4833,4034,25.6633
4834,4035,5.09732
4835,4036,103.09
4836,4037,126.898
4837,4038,25.4614
4838,4039,5.05989
4839,4040,70
4840,4041,107.01
4841,4042,25.2596
4842,4043,5.03369
4843,4044,94.72
4844,4045,64.635
4845,4046,25.3749
4846,4047,5.04117
4847,4048,106.825
4848,4049,102.829
4849,4050,25.2884
4850,4051,5.03369
4851,4052,97.42
4852,4053,131.531
4853,4054,25.2596
4854,4055,5.03743
4855,4056,5.03743
4856,4057,128.367
4857,4058,25.3749
4858,4059,5.0524
4859,4060,95.26
4860,4061,66.104
4861,4062,25.721
4862,4063,5.09357
4863,4064,5.09357
4864,4065,62.601
4865,4066,25.7787
4866,4067,5.10106
4867,4068,79.5771
4868,4069,121.248
4869,4070,25.5191
4870,4071,5.06737
4871,4072,86.98
4872,4073,63.957
4873,4074,25.6345
4874,4075,5.08234
4875,4076,83.3429
4876,4077,117.18
4877,4078,25.2596
4878,4079,5.02994
4879,4080,85.6
4880,4081,66.104
4881,4082,25.2596
4882,4083,5.04117
4883,4084,95.26
4884,4085,128.819
4885,4086,25.6922
4886,4087,5.08983
4887,4088,78.7955
4888,4089,60.002
4889,4090,25.4326
4890,4091,5.05614
4891,4092,119.92
4892,4093,58.8737
4893,4094,25.7498
4894,4095,5.09732
4895,4096,76.855
4896,4097,62.488
4897,4098,25.5191
4898,4099,5.06737
4899,4100,82.64
4900,4101,112.434
4901,4102,25.2884
4902,4103,2.37286
4903,4104,89.38
4904,4105,108.818
4905,4106,25.2596
4906,4107,5.0262
4907,4108,70.12
4908,4109,84.523
4909,4110,25.6345
4910,4111,5.08983
4911,4112,88.328
4912,4113,44.8858
4913,4114,25.721
4914,4115,5.09732
4915,4116,91.12
4916,4117,88.93
4917,4118,25.5768
4918,4119,5.0786
4919,4120,100.48
4920,4121,84.636
4921,4122,25.5191
4922,4123,5.06363
4923,4124,95.44
4924,4125,105.541
4925,4126,25.2596
4926,4127,5.0262
4927,4128,84.4
4928,4129,98.083
4929,4130,25.4903
4930,4131,5.06737
4931,4132,111.46
4932,4133,73.449
4933,4134,25.5768
4934,4135,5.0786
4935,4136,113.8
4936,4137,114.92
4937,4138,25.4614
4938,4139,5.06363
4939,4140,115.78
4940,4141,64.861
4941,4142,25.4038
4942,4143,5.05614
4943,4144,96.76
4944,4145,65.765
4945,4146,25.7787
4946,4147,5.1048
4947,4148,78.155
4948,4149,76.952
4949,4150,25.6345
4950,4151,5.07486
4951,4152,98.5485
4952,4153,116.841
4953,4154,25.4326
4954,4155,5.05989
4955,4156,100.525
4956,4157,87.009
4957,4158,25.7498
4958,4159,5.10106
4959,4160,94
4960,4161,108.14
4961,4162,25.3461
4962,4163,5.0524
4963,4164,25.9001
4964,4165,103.507
4965,4166,25.2596
4966,4167,5.03369
4967,4168,49.5339
4968,4169,118.762
4969,4170,25.721
4970,4171,5.1048
4971,4172,79.0086
4972,4173,79.0086
4973,4174,25.6633
4974,4175,5.08609
4975,4176,104.155
4976,4177,74.014
4977,4178,25.4326
4978,4179,5.05614
4979,4180,76.72
4980,4181,88.591
4981,4182,25.3461
4982,4183,5.04866
4983,4184,72.76
4984,4185,101.473
4985,4186,4.70787
4986,4187,5.04491
4987,4188,86.02
4988,4189,118.649
4989,4190,25.6922
4990,4191,5.08983
4991,4192,97.84
4992,4193,61.584
4993,4194,25.5768
4994,4195,5.07486
4995,4196,93.34
4996,4197,105.541
4997,4198,25.4903
4998,4199,5.07112
4999,4200,75.76
5000,4201,67.573
5001,4202,25.7498
5002,4203,5.09357
5003,4204,80.56
5004,4205,69.155
5005,4206,25.2884
5006,4207,5.03743
5007,4208,89.2404
5008,4209,131.079
5009,4210,25.5191
5010,4211,5.06737
5011,4212,104.95
5012,4213,131.983
5013,4214,25.2596
5014,4215,5.03743
5015,4216,77.2
5016,4217,94.919
5017,4218,94.919
5018,4219,5.03743
5019,4220,93.55
5020,4221,74.692
5021,4222,25.6922
5022,4223,5.08983
5023,4224,96.8432
5024,4225,128.593
5025,4226,25.5191
5026,4227,5.07112
5027,4228,101.746
5028,4229,45.2149
5029,4230,25.4903
5030,4231,5.05989
5031,4232,102.7
5032,4233,67.121
5033,4234,25.4326
5034,4235,5.0524
5035,4236,89.725
5036,4237,86.557
5037,4238,25.7787
5038,4239,5.1048
5039,4240,73.42
5040,4241,55.595
5041,4242,25.4038
5042,4243,5.05614
5043,4244,94.375
5044,4245,91.19
5045,4246,25.4903
5046,4247,5.06363
5047,4248,49.9883
5048,4249,69.381
5049,4250,25.3749
5050,4251,5.04866
5051,4252,99.64
5052,4253,114.242
5053,4254,25.6922
5054,4255,5.09357
5055,4256,94.5695
5056,4257,118.649
5057,4258,25.4038
5058,4259,5.04866
5059,4260,100.75
5060,4261,113.79
5061,4262,25.7498
5062,4263,1.60617
5063,4264,83.1298
5064,4265,126.333
5065,4266,25.5768
5066,4267,5.07486
5067,4268,105.4
5068,4269,89.947
5069,4270,25.6056
5070,4271,5.07112
5071,4272,91.35
5072,4273,130.966
5073,4274,17.6236
5074,4275,5.06737
5075,4276,74.08
5076,4277,124.864
5077,4278,25.7787
5078,4279,5.09732
5079,4280,78.61
5080,4281,62.375
5081,4282,25.6633
5082,4283,5.08983
5083,4284,103.09
5084,4285,109.722
5085,4286,25.6633
5086,4287,5.08983
5087,4288,77.4455
5088,4289,128.819
5089,4290,25.4038
5090,4291,5.0524
5091,4292,99.94
5092,4293,113.564
5093,4294,25.3461
5094,4295,5.0524
5095,4296,86.98
5096,4297,83.732
5097,4298,25.7498
5098,4299,5.09357
5099,4300,81.4
5100,4301,70.172
5101,4302,25.3461
5102,4303,5.04866
5103,4304,104.5
5104,4305,104.5
5105,4306,25.7787
5106,4307,5.09357
5107,4308,5.09357
5108,4309,103.959
5109,4310,25.3172
5110,4311,5.03369
5111,4312,109.66
5112,4313,92.998
5113,4314,25.3172
5114,4315,5.03743
5115,4316,98.65
5116,4317,131.757
5117,4318,131.757
5118,4319,5.08983
5119,4320,103.99
5120,4321,111.078
5121,4322,25.2307
5122,4323,5.03369
5123,4324,87.0378
5124,4325,93.111
5125,4326,25.3172
5126,4327,5.04117
5127,4328,89.74
5128,4329,124.299
5129,4330,25.3461
5130,4331,5.04866
5131,4332,99.259
5132,4333,89.495
5133,4334,25.2019
5134,4335,5.0262
5135,4336,88.225
5136,4337,71.415
5137,4338,25.6922
5138,4339,5.08234
5139,4340,88.2457
5140,4341,104.072
5141,4342,25.5768
5142,4343,5.07112
5143,4344,82.9
5144,4345,109.383
5145,4346,25.4326
5146,4347,5.0524
5147,4348,101.1
5148,4349,93.111
5149,4350,25.6922
5150,4351,5.09357
5151,4352,81.4
5152,4353,113.903
5153,4354,25.5768
5154,4355,5.0786
5155,4356,76.5218
5156,4357,66.104
5157,4358,25.8075
5158,4359,5.10106
5159,4360,90.7326
5160,4361,107.123
5161,4362,107.123
5162,4363,5.09357
5163,4364,84.0535
5164,4365,79.664
5165,4366,25.5191
5166,4367,5.05989
5167,4368,100.19
5168,4369,65.426
5169,4370,25.6345
5170,4371,5.08234
5171,4372,80.95
5172,4373,83.506
5173,4374,25.4326
5174,4375,5.05614
5175,4376,106
5176,4377,109.044
5177,4378,25.3172
5178,4379,5.04117
5179,4380,80.8
5180,4381,130.514
5181,4382,25.3461
5182,4383,5.04866
5183,4384,92.845
5184,4385,60.341
5185,4386,25.4038
5186,4387,5.0524
5187,4388,90.245
5188,4389,124.299
5189,4390,25.6345
5190,4391,5.07486
5191,4392,98.44
5192,4393,98.44
5193,4394,25.4614
5194,4395,5.05614
5195,4396,80
5196,4397,100
5197,4398,70
5198,4399,30
5199,4400,50
5200,4401,90
5201,4402,50
5202,4403,10
5203,4404,50
5204,4405,27.5581
5205,4406,50
5206,4407,10
5207,4408,90
5208,4409,105
5209,4410,30
5210,4411,20
5211,4412,50
5212,4413,90
5213,4414,50
5214,4415,10
5215,4416,90
5216,4417,105
5217,4418,30
5218,4419,20
5219,4420,90
5220,4421,105
5221,4422,30
5222,4423,20
5223,4424,75
5224,4425,95
5225,4426,40
5226,4427,15
5227,4428,50
5228,4429,90
5229,4430,50
5230,4431,10
5231,4432,90
5232,4433,105
5233,4434,30
5234,4435,20
5235,4436,90
5236,4437,105
5237,4438,30
5238,4439,20
5239,4440,50
5240,4441,90
5241,4442,50
5242,4443,3.35865
5243,4444,50
5244,4445,90
5245,4446,50
5246,4447,10
5247,4448,75
5248,4449,95
5249,4450,40
5250,4451,15
5251,4452,80
5252,4453,100
5253,4454,70
5254,4455,30
5255,4456,75
5256,4457,95
5257,4458,40
5258,4459,15
5259,4460,90
5260,4461,105
5261,4462,30
5262,4463,20
5263,4464,80
5264,4465,100
5265,4466,70
5266,4467,30
5267,4468,90
5268,4469,105
5269,4470,30
5270,4471,20
5271,4472,80
5272,4473,100
5273,4474,70
5274,4475,30
5275,4476,75
5276,4477,95
5277,4478,40
5278,4479,15
5279,4480,75
5280,4481,95
5281,4482,40
5282,4483,15
5283,4484,90
5284,4485,105
5285,4486,30
5286,4487,20
5287,4488,80
5288,4489,100
5289,4490,100
5290,4491,30
5291,4492,30
5292,4493,100
5293,4494,70
5294,4495,30
5295,4496,50
5296,4497,90
5297,4498,50
5298,4499,10
5299,4500,80
5300,4501,100
5301,4502,70
5302,4503,30
5303,4504,30
5304,4505,100
5305,4506,70
5306,4507,30
5307,4508,80
5308,4509,100
5309,4510,70
5310,4511,30
5311,4512,80
5312,4513,100
5313,4514,70
5314,4515,30
5315,4516,75
5316,4517,95
5317,4518,40
5318,4519,15
5319,4520,80
5320,4521,100
5321,4522,70
5322,4523,30
5323,4524,90
5324,4525,105
5325,4526,30
5326,4527,20
5327,4528,90
5328,4529,105
5329,4530,30
5330,4531,20
5331,4532,75
5332,4533,95
5333,4534,40
5334,4535,15
5335,4536,50
5336,4537,90
5337,4538,50
5338,4539,10
5339,4540,90
5340,4541,105
5341,4542,30
5342,4543,20
5343,4544,80
5344,4545,100
5345,4546,70
5346,4547,30
5347,4548,80
5348,4549,100
5349,4550,70
5350,4551,30
5351,4552,75
5352,4553,95
5353,4554,40
5354,4555,15
5355,4556,50
5356,4557,90
5357,4558,50
5358,4559,10
5359,4560,50
5360,4561,90
5361,4562,50
5362,4563,10
5363,4564,75
5364,4565,95
5365,4566,40
5366,4567,15
5367,4568,90
5368,4569,90
5369,4570,30
5370,4571,20
5371,4572,75
5372,4573,95
5373,4574,40
5374,4575,15
5375,4576,50
5376,4577,90
5377,4578,50
5378,4579,10
5379,4580,90
5380,4581,105
5381,4582,30
5382,4583,20
5383,4584,50
5384,4585,90
5385,4586,50
5386,4587,10
5387,4588,50
5388,4589,90
5389,4590,50
5390,4591,10
5391,4592,75
5392,4593,95
5393,4594,40
5394,4595,15
5395,4596,80
5396,4597,100
5397,4598,70
5398,4599,30
5399,4600,75
5400,4601,95
5401,4602,40
5402,4603,15
5403,4604,75
5404,4605,95
5405,4606,40
5406,4607,15
5407,4608,75
5408,4609,95
5409,4610,40
5410,4611,15
5411,4612,90
5412,4613,105
5413,4614,30
5414,4615,20
5415,4616,75
5416,4617,95
5417,4618,40
5418,4619,15
5419,4620,80
5420,4621,100
5421,4622,70
5422,4623,30
5423,4624,5.59118
5424,4625,90
5425,4626,50
5426,4627,10
5427,4628,80
5428,4629,100
5429,4630,70
5430,4631,30
5431,4632,75
5432,4633,95
5433,4634,40
5434,4635,15
5435,4636,90
5436,4637,90
5437,4638,30
5438,4639,20
5439,4640,50
5440,4641,90
5441,4642,50
5442,4643,10
5443,4644,80
5444,4645,100
5445,4646,70
5446,4647,30
5447,4648,50
5448,4649,90
5449,4650,50
5450,4651,10
5451,4652,90
5452,4653,105
5453,4654,30
5454,4655,20
5455,4656,90
5456,4657,105
5457,4658,30
5458,4659,20
5459,4660,75
5460,4661,95
5461,4662,40
5462,4663,15
5463,4664,90
5464,4665,105
5465,4666,30
5466,4667,20
5467,4668,50
5468,4669,90
5469,4670,50
5470,4671,10
5471,4672,75
5472,4673,95
5473,4674,40
5474,4675,40
5475,4676,90
5476,4677,105
5477,4678,30
5478,4679,20
5479,4680,90
5480,4681,105
5481,4682,30
5482,4683,20
5483,4684,90
5484,4685,105
5485,4686,30
5486,4687,20
5487,4688,50
5488,4689,90
5489,4690,50
5490,4691,10
5491,4692,80
5492,4693,100
5493,4694,70
5494,4695,70
5495,4696,80
5496,4697,100
5497,4698,70
5498,4699,30
5499,4700,80
5500,4701,100
5501,4702,70
5502,4703,30
5503,4704,80
5504,4705,100
5505,4706,70
5506,4707,30
5507,4708,90
5508,4709,105
5509,4710,30
5510,4711,20
5511,4712,90
5512,4713,105
5513,4714,30
5514,4715,20
5515,4716,80
5516,4717,100
5517,4718,70
5518,4719,30
5519,4720,90
5520,4721,105
5521,4722,30
5522,4723,20
5523,4724,50
5524,4725,90
5525,4726,50
5526,4727,10
5527,4728,80
5528,4729,100
5529,4730,70
5530,4731,30
5531,4732,75
5532,4733,95
5533,4734,40
5534,4735,15
5535,4736,80
5536,4737,100
5537,4738,70
5538,4739,30
5539,4740,50
5540,4741,90
5541,4742,50
5542,4743,10
5543,4744,75
5544,4745,95
5545,4746,40
5546,4747,15
5547,4748,75
5548,4749,95
5549,4750,40
5550,4751,15
5551,4752,50
5552,4753,90
5553,4754,50
5554,4755,10
5555,4756,50
5556,4757,90
5557,4758,50
5558,4759,10
5559,4760,50
5560,4761,90
5561,4762,50
5562,4763,10
5563,4764,80
5564,4765,100
5565,4766,70
5566,4767,30
5567,4768,50
5568,4769,66.0201
5569,4770,50
5570,4771,10
5571,4772,50
5572,4773,90
5573,4774,50
5574,4775,10
5575,4776,80
5576,4777,100
5577,4778,70
5578,4779,30
5579,4780,50
5580,4781,90
5581,4782,50
5582,4783,10
5583,4784,75
5584,4785,95
5585,4786,40
5586,4787,15
5587,4788,90
5588,4789,105
5589,4790,30
5590,4791,20
5591,4792,75
5592,4793,95
5593,4794,40
5594,4795,15